"V1","V2","V3","V4","V5","V6","V7","V8","V9"
2.33172332074837,3,8,9.21702226594242,3.27096146717624,4.04257174337983,4.33224216455411,4.63651792092814,5.00946188798047
3.46954535821289,2,7,13.6559184204272,3.14174476414138,3.91843839682265,4.21399347178874,4.49975928541236,4.79802958465655
4.8156014781248,2,3,5.2117444550984,3.79328217264455,4.80692320353487,5.16854344816734,5.54628179583033,5.97516650024831
2.88477865443813,4,5,9.00531665817931,3.23742817559854,4.07990121759263,4.39398851209543,4.70538517265499,5.07043013529895
1.77005721779184,7,6,5.50344695054008,3.37244039067462,4.2837225710795,4.62290234643851,4.96979712343014,5.39311144817023
2.95851051807312,7,20,11.3376210555985,2.53102186028098,3.02923192626339,3.20044835837517,3.36184760633979,3.60180435159146
2.9427461106372,2,13,15.7119281802797,2.90760966416727,3.55912776346752,3.77840789025868,4.01974195734179,4.30629090441648
2.86155486577505,4,5,4.98022241548002,3.69184708213298,4.64082367327165,5.00716564710667,5.34872691470576,5.77285851142871
2.59982732870022,8,21,9.16565528164653,2.62659734707126,3.13847064322897,3.33047731831958,3.5130231098987,3.72753221676492
3.02558099001992,5,8,6.02828344655152,3.46407389100186,4.31018359447152,4.63201308405873,4.9291241210093,5.31818781217311
3.35690681719563,5,9,7.86362316286322,3.15645325395156,3.89658661324765,4.18239804287968,4.45766006569589,4.76399099752511
2.24976638319432,6,15,14.5200786822528,2.44448678247834,2.95592886400401,3.13829217808195,3.31912777983101,3.55740402193681
3.08867201280698,6,15,8.25381788171997,2.97349444176714,3.62334888388093,3.84919231263515,4.05398814440452,4.35561615171234
3.21975086740143,5,5,3.66304603655763,3.96128236070697,4.99833766119699,5.42436657636223,5.80613082971189,6.29786711604765
4.09439982074523,5,14,7.80709459210896,3.09701702063826,3.77302606123869,4.02107207330016,4.24789636419616,4.56739132633183
2.97354867424387,5,9,8.37184188366563,3.11876538506935,3.85176835450435,4.12057294846604,4.40550138833942,4.73489875603758
2.42666186734819,3,12,15.871727514382,2.77635341027824,3.4102098879683,3.64645138349404,3.86224306311462,4.10294304320998
2.88109475722448,6,14,9.94890288187901,2.80246033635437,3.40868623862863,3.64139359586134,3.81657292066659,4.07440122648653
2.08874889590558,7,30,18.3150023686252,1.98597545937057,2.32705405883819,2.44582582263854,2.55678993425207,2.69572322939672
3.34121435870272,12,19,5.73038142128545,3.08881089519429,3.73871160392961,4.00201439733559,4.23141923004442,4.50312393066611
2.81262314877957,5,6,3.89410810997748,3.94425070356416,4.95523334601501,5.36386939952181,5.73079045211583,6.25845510719531
3.11170220329032,2,7,14.9853155881855,3.10873719623533,3.87682930728085,4.14508247378176,4.40079667404725,4.76842923663944
2.73975594158799,6,17,13.4399814850129,2.44550947272546,2.94222054221523,3.10774946273476,3.27523511895334,3.47808250857429
3.07386391438684,4,10,12.3842268186411,2.91101450511688,3.59574352821574,3.86380233597082,4.11392549743493,4.41400919017023
3.98744520576878,3,8,8.18042898844943,3.34988442480354,4.15267977117604,4.45124373543575,4.72965963684583,5.06442995630834
5.37649782578502,3,1,2.86027028112064,3.81720193511014,4.94097961948754,5.37053131505075,5.79191609489061,6.2929619505356
4.00473519046768,5,0,0,4.48734038709696,5.8332213400011,6.37470789008092,6.91554425351277,7.63558375901001
3.66109089350079,4,6,5.59631238090375,3.54851717141747,4.45482549676579,4.80275095479657,5.11902801246902,5.561697442162
3.64985709070601,6,7,4.82113258819754,3.6417161021553,4.56152582244927,4.94306978703104,5.2793448489116,5.66796857938012
3.60388597919716,4,9,6.45496470481352,3.46720795856486,4.29416868956872,4.62033386165886,4.9197656162174,5.25354472098207
4.06888448386123,1,3,6.07617359090736,3.83143279281257,4.84971761936008,5.25890563048821,5.63062405726202,6.12175674392634
3.07925873339654,9,16,7.34120786574168,2.89419025626812,3.50844838733351,3.73474241991935,3.95328733740938,4.26526414541243
4.34054787698986,2,2,2.15951553348241,4.36243227625039,5.5773427049579,6.03201679220244,6.49841502173592,7.1311948733598
2.24649440993264,3,5,8.57382915371777,3.36065522617084,4.21969658128684,4.5414383214411,4.8634424357683,5.29160734369813
2.92251970887547,5,6,5.6931912466839,3.47321678757403,4.36475269913446,4.70360649957324,5.01953442474839,5.48752678066077
2.72808481442158,2,3,18.7918195780495,3.26644052261812,4.17187912803773,4.5283921708508,4.82096341089633,5.22588553388332
3.33573566839406,4,8,6.59009270729232,3.46386489846598,4.30825733274908,4.62635902360099,4.92443831579588,5.38918933401476
3.54700193217022,7,15,6.7012645758981,3.13804670938638,3.82208792592475,4.04862361229825,4.28230026703692,4.56087113001332
2.85366544502481,4,9,14.2485645398564,2.88467977240704,3.57469160950669,3.82811131041819,4.06647030208605,4.39207607970411
2.18608950887564,5,13,9.49830847241421,2.93291341020882,3.58527677757583,3.83762299005227,4.06020389267534,4.34217018851826
4.80507282485586,4,2,2.07002814654769,4.2140267605359,5.40581173938172,5.87574605482589,6.30345906463265,6.94481747085022
4.18926757118092,10,7,2.9174072523457,4.07544750353954,5.15816206952723,5.5797659066415,5.97338407718678,6.50509913917547
3.35048761987116,7,7,4.48393605743651,3.62527114705853,4.55212286057423,4.91267902474435,5.23622607664985,5.67042080054494
3.14329780157877,7,12,6.9081964655163,3.13079885000075,3.85681458085788,4.12055714109865,4.36154047846729,4.73408590176656
3.97753289523986,4,6,7.55301190672863,3.32289620007794,4.14172575951052,4.49307433389867,4.82251348765481,5.2275647888686
3.89710176819262,3,6,9.57582491496762,3.24571332083177,4.05948953887058,4.36236498469505,4.67801967992346,5.02006360575494
2.85395788830791,4,3,4.92917743618919,3.62908558188192,4.62702297635691,5.03841375394639,5.39877974930187,5.94530234468038
3.15741735661483,4,9,10.7315831830658,2.98789371230242,3.7059924070009,3.96175582184068,4.20348012052926,4.53237428626255
3.33917074152268,4,10,9.75881504226485,3.05671954358425,3.76391745766508,4.0317621948255,4.29259759796815,4.63312365269901
2.91110058676231,1,3,7.41702749141888,3.73161179427635,4.73826817152796,5.11864586763488,5.45481077795411,5.94376921208217
3.53436063140693,3,8,12.5900661747974,3.0432897266266,3.78347937723918,4.06113424098122,4.30174421443426,4.60263286755057
4.05716166144318,3,3,4.54716067176463,3.78851318798209,4.84168160799079,5.23777670424432,5.60827705168717,6.0572756560946
3.81545481410885,4,13,12.7857597397388,2.75644229291202,3.35002404123898,3.56749395151557,3.76835025881129,4.00951708958675
2.0145884483402,4,21,15.9641697773867,2.4844698823121,2.96903972985614,3.13140143925521,3.30258364578654,3.46994684230213
2.41174926726909,6,17,14.3901706102045,2.42150161314195,2.91215106262415,3.097699399959,3.26779215130318,3.45775782418822
4.34708699840742,5,7,4.293383568625,3.8414584581096,4.78671270019121,5.14491747050827,5.48857388229603,5.90805111269983
2.65406569455738,9,11,6.07916876689896,3.13560176694528,3.86806442650139,4.15837981729288,4.38344862931412,4.76302893226279
2.84470425435408,11,18,7.55296571250312,2.72088268887543,3.30895668402651,3.51337736089963,3.70361519526994,3.948083460335
5.81334442233486,9,12,4.79570527209194,3.4694882821359,4.29197406842523,4.6158086817931,4.89825622742212,5.25648708114544
2.5491974559444,5,18,15.1126134933421,2.4305960428424,2.91350329400221,3.08861033389444,3.26503546452574,3.45275568455829
3.66175469049683,4,7,5.09763195520717,3.69819110832094,4.61492300897431,4.95016194821483,5.27177286420118,5.72210852783633
2.67787897734801,5,10,7.56263526683136,3.19889545913987,3.94652777128637,4.24071421246617,4.52186402918193,4.83729437707877
2.95592874722296,6,15,6.87328392560973,3.21499611215384,3.8984201671077,4.14317963780418,4.37482999867492,4.67902986251332
2.58980258484084,6,22,12.4692201234709,2.41491098472949,2.87786863654728,3.0397292220764,3.18138469481372,3.34050352816062
2.64706984120896,9,19,7.69862630773121,2.79715654475232,3.3630302990501,3.575517764241,3.77000311250767,4.00467801911289
2.94967472705688,7,10,6.67463782985462,3.17016615517416,3.91402471661293,4.19469838038841,4.47584869824076,4.82674241321761
2.52725722023733,6,8,5.63732597008432,3.44909317273975,4.29654371134864,4.63607057025351,4.95155787580638,5.3955509794912
3.91666211137583,3,3,4.29425201194626,3.82587736838439,4.85925930898929,5.26781842989859,5.64713806262314,6.15654501164493
3.04110415974722,9,16,8.81828650267929,2.64959848003384,3.21695645533102,3.4331865120606,3.64538582397941,3.86807519394407
3.89146637689266,6,8,4.55838839586351,3.7172480917061,4.63275265145973,4.99746861646954,5.27285211030559,5.68234205468798
2.83254349140859,1,0,0,4.07491641170943,5.26568217903525,5.72315904055454,6.21952895734436,6.80492806611452
3.22678186276054,4,5,12.2004940417534,3.04826326394299,3.85204118289133,4.16134482153473,4.44754336065658,4.87139532801027
2.59149118841048,2,7,12.631974676285,3.13317577890151,3.90735846735228,4.17807219626748,4.43742667590139,4.791959218701
2.38722849681209,6,16,10.1938883665509,2.74986426621452,3.32403804419956,3.53061001204237,3.71512653795358,3.97762534162222
2.8015990927402,6,19,14.7982894094703,2.36206488185491,2.83276913075753,2.99580982245382,3.15789020314684,3.35507931046604
4.41104256587785,5,4,5.14673498319249,3.5382786674221,4.47432061346247,4.86716577413742,5.20003268697478,5.72124028194004
2.43718383914654,5,13,8.00832251306406,3.08931757254668,3.75767436438807,4.02008860033673,4.28664540446949,4.61566931299398
3.00114122577252,10,15,6.44016633688879,3.02547883132858,3.70311464938078,3.94073303442644,4.16173079211574,4.45350546654612
3.49497624237854,5,7,7.10885418922858,3.24990678815218,4.06500735229194,4.3743292649068,4.69305024745952,5.08889982831827
2.53768624265126,6,10,9.60126478791394,2.8777096002448,3.55862970502773,3.80809078336735,4.04220986621668,4.33198017251867
3.53433261423917,4,6,4.29318374255472,3.89680497583536,4.89507524504968,5.2822508034811,5.6416843888602,6.09545152582147
3.82682548800027,4,8,6.13335906004129,3.51249304209893,4.37679621774628,4.68127046931268,4.97872257797679,5.40806313112407
3.32698575443232,4,3,4.09806819009473,3.74240378944912,4.76289545497032,5.17647256728457,5.56430329224519,6.04717814935055
3.82335483067109,4,11,8.86307451119165,3.11133025611397,3.82225377258269,4.07018582764983,4.29361389855689,4.57857098217842
3.96870058706449,2,1,6.00641539384336,3.66947807878358,4.72737575092996,5.1220641591332,5.59416397727298,6.06773866178024
2.39825215488622,4,13,13.7151501280202,2.80137412884237,3.430817578205,3.67423048798258,3.87984492118152,4.13639804375235
3.9334224158387,9,12,5.40199067130809,3.33238164752888,4.13149031567234,4.41354835895957,4.70426508488234,5.08040807264952
2.29789533647563,7,28,12.2561340754501,2.31298863756561,2.72351713494011,2.85786758611839,2.98113516130213,3.14984695030847
2.72988361103808,3,20,14.7857784664705,2.65303819306052,3.18787936315175,3.38626405426437,3.55077256173678,3.79178641796064
2.9479420795655,4,12,11.6278852964884,2.84272453014853,3.46928509651935,3.70034506634124,3.92837332991399,4.22903042771534
2.17787512089848,9,28,9.68535119120038,2.44197057556865,2.87228042525739,3.02819180547713,3.170104515229,3.33911582945564
4.03231541090609,5,8,5.87023840400567,3.47090912996198,4.33091149486959,4.64111292563786,4.93757729002666,5.38450932195054
2.06742592656264,5,25,16.9915636957322,2.25402412356794,2.66767482756382,2.8166202864651,2.9536935223652,3.1259264480077
3.10419425101049,3,9,14.6073116023941,2.91825807641964,3.60805861114883,3.8511375357419,4.08562388973673,4.36648857615174
4.75473910694445,4,5,5.78577878557079,3.53112478424164,4.44242758190879,4.78097755883405,5.12260504410509,5.57010646859725
3.1024219972961,2,3,6.97415851538671,3.65479999205278,4.64127299249722,5.04136941777305,5.40052038587797,5.84425009509025
3.3128485188878,4,8,8.93161692322047,3.14585247258579,3.91256072910745,4.22190438239118,4.49403577620115,4.82821084255141
2.86057489807884,2,3,8.43165449196105,3.54926738816251,4.47410515406235,4.84647517526463,5.21518246536876,5.63835742313751
2.61369541438526,5,11,15.8850625963133,2.5971569586641,3.20397692920155,3.41643042912418,3.6413077724121,3.91014201626407
4.24558695779053,4,8,6.22171350453153,3.51662457232418,4.36495711959243,4.67600486449886,4.97873557961245,5.39850107614316
2.72353936871602,7,12,6.21082968285287,3.21029352008722,3.92796004840787,4.19341838861842,4.45660424375855,4.78449155812401
5.56474368863114,7,8,3.79392025020128,3.89902528360672,4.86658774247854,5.24202590001366,5.60824065162289,6.10130502916904
3.91248056070187,7,12,6.98648562717394,3.09742776483811,3.81522565606109,4.0895254627204,4.37151575874104,4.69727638583148
2.60397588302904,2,2,5.42926492159269,3.7185815196466,4.73303280257191,5.16200504366106,5.54704643976315,6.03774452119016
2.84181414660744,5,12,8.13505183346669,3.0741707674339,3.74675176045753,4.01027411269574,4.23633638812487,4.50301167873588
2.90780896831815,10,25,9.71957591707619,2.41933486068461,2.87835575238355,3.03552366559594,3.1749019744536,3.34956618846947
2.85181469196645,4,7,7.47383721908284,3.34759580922113,4.16855460672755,4.48010480709789,4.76691141339306,5.1592022545036
3.41846671391548,7,13,5.16947550736003,3.52328349570773,4.30356902076173,4.60400899092243,4.90466704601301,5.22551182308728
2.6371460860782,7,20,9.30132877941161,2.6886531319417,3.21255968437359,3.39765043640933,3.56699481306554,3.80785185593833
3.23358570471952,8,11,5.45403683399365,3.35772336398347,4.15569304867749,4.45336960155723,4.74339593993887,5.10699525969698
2.46806495827016,8,25,11.8407370960847,2.30355905060077,2.71786635972386,2.88199859780766,3.02090685943609,3.18942117005502
3.18374729915664,9,17,6.69153003806276,3.02901552124418,3.68767341410871,3.92264530823729,4.1077450635167,4.37123770211642
2.90195856555702,3,11,13.2268191700328,2.92997302597233,3.60190222012092,3.84771158605164,4.09886924782569,4.3954157664374
2.82654425125438,7,22,9.81568632669441,2.59497620930184,3.09092227177221,3.2692196026198,3.43514849281774,3.62877748777737
4.60521828363646,7,8,3.81223928597078,3.90692168281932,4.87007415543562,5.2531445083265,5.59277823228749,5.9973431070799
2.94609049089925,3,2,3.59073262430215,3.87013514789014,4.95581413129513,5.42743551418664,5.86722309074497,6.38027330617379
3.6133688005995,5,10,7.67456787499589,3.18627840924469,3.94707195474626,4.23058633328458,4.49824040210368,4.85798645668393
2.28073987040886,8,20,8.76129089780488,2.66437368813214,3.19313368334053,3.38697973046052,3.58430037571695,3.8075373944259
2.42765554991692,8,19,10.9681887162978,2.47951987196326,2.96820545854794,3.14512948073655,3.3220610432251,3.54136296437399
3.81289728389892,4,5,5.85262405565431,3.55507313804245,4.47590904859351,4.83063013377827,5.18756080138523,5.61787188829368
3.17977482670241,7,7,8.20397037580953,2.98591955359973,3.74388747028133,4.05437396065909,4.32350434635082,4.71658385213265
2.37834361014788,6,26,13.8350596107636,2.30347802330701,2.73108266552018,2.87488614229201,3.00330571387089,3.15459325849209
3.36678564109872,6,6,8.08351297944572,3.07474470193147,3.84674855037977,4.16128399449111,4.44671689981867,4.82866450713271
3.35523609064307,6,8,5.46554310410175,3.50644191016772,4.35365412854621,4.72242176708215,5.04887660057655,5.46065330838004
3.86780404655103,8,12,5.13110449421926,3.46453957777482,4.27724317683458,4.59938841582316,4.84841881191939,5.23532096641095
3.26673226572982,5,10,8.91912281717565,3.05034961773161,3.76602439039346,4.04319915592228,4.27913449048609,4.59831424748579
2.4550288231072,5,26,15.8283663980756,2.28284016711169,2.70639753651329,2.83983655445474,2.98318366147089,3.13932889920419
3.04705418563582,5,5,3.63793226422039,3.97154649035594,5.02796367924851,5.44882814985795,5.84566747901794,6.2851668064649
4.2273690842992,6,9,6.26528939982156,3.32726605319336,4.1207345225803,4.43849691743034,4.72136380710663,5.07192159461697
2.90903993019662,3,8,8.07490502790937,3.33901654722589,4.13476464761704,4.43384381236938,4.69361990701848,5.03051348062639
2.30387888796365,9,24,9.11761061020512,2.54044812987569,3.0132718071747,3.18332220802876,3.33807594491454,3.56470120013517
3.42612535939833,6,10,5.78758067126519,3.42185171656698,4.23231361584493,4.52489964089169,4.83480979267488,5.17414078452477
3.14817413807306,6,13,6.58825752056542,3.25694800098231,4.00127457321994,4.26027288544129,4.54631051930899,4.90878849955326
3.47782490010916,5,2,3.7087430097043,3.634878007679,4.68848245597892,5.12038581785157,5.50975910139728,6.04589336335717
4.23947809965339,7,4,1.87812995088355,4.61896592063819,5.86999882809957,6.3450674665731,6.74030009589956,7.26691990048718
1.94358689408515,8,18,10.7674780274604,2.48252808798267,2.99098129365032,3.17739235821335,3.34183721209539,3.57141080695771
2.67429904144664,8,11,9.85480442868785,2.7487952332304,3.39710215457237,3.64405697764228,3.8947418824731,4.19399345922834
3.08480057588149,9,12,7.95238611760474,2.84678320497306,3.50497141657719,3.77174691254169,4.02811852513858,4.35204319499915
3.47281004526187,7,4,5.46176794052925,3.32744507266978,4.26371764662745,4.63837592868689,4.96472404857599,5.38143928779778
3.07361759307296,9,16,7.13412628779316,2.93448178483658,3.55267849917057,3.78550222756924,3.99223216325792,4.28980891574966
3.3952589327758,8,11,7.29698481473142,2.97011145901668,3.67972317819813,3.94626717320386,4.19285149781969,4.51731469733704
3.31449883475621,4,11,8.82066675976505,3.14281379623467,3.83676567694052,4.08922727593256,4.37842185220193,4.66177707695233
2.07872083351794,5,13,12.4933761472197,2.72135159811093,3.31784267871993,3.53898847814183,3.75277083535272,4.03425234096453
2.82497827862259,2,4,7.98053691515005,3.55711629402358,4.49164295170576,4.85281383369746,5.20149155198348,5.64646656398355
2.54836582800988,2,7,11.2073123433006,3.28184669078337,4.08999137129594,4.38742027193019,4.66457455348156,5.03832468107375
4.59989325501985,4,13,10.0570891421369,2.95643820566542,3.60771400702844,3.83048916783575,4.04942320332908,4.29019326436437
2.71136945797438,5,12,7.53886233249052,3.15235713567815,3.87350661318059,4.12991622784256,4.37016409652845,4.59598365514132
2.31670156307808,4,8,6.74102412199916,3.41979439517993,4.23988610372485,4.53953204969211,4.86816467131053,5.23609623214679
2.97773062335488,1,7,14.2892235862681,3.29649214011958,4.110215642196,4.39111146484954,4.66335316139807,5.05655693266077
2.16097125287405,5,17,14.3701401740567,2.46922704414006,2.9778851162867,3.15408900761043,3.32120625781031,3.52556367070713
3.202036429793,3,5,11.3629805384295,3.21512850067311,4.03275830384334,4.37855887129635,4.64798200653021,5.02749850759779
3.36264450234716,2,10,13.5795916619131,3.06618565603009,3.78674838536493,4.03551146376747,4.27263028391497,4.57331785899244
3.147279171227,6,8,5.45247637624726,3.46715625854409,4.32089486849635,4.64842241927234,4.98931981887576,5.41539656461605
3.40435468643302,5,11,7.24418369065777,3.21141289807259,3.93801101235276,4.21253539882226,4.44987358033574,4.73496794587493
2.60128172394646,2,5,8.36105175302767,3.48007980332932,4.36535465076963,4.68805416161974,5.01819199420087,5.44932205602356
2.65230949908355,3,11,12.8860807245191,2.93426558082975,3.59692396345778,3.8340992533201,4.05317134850958,4.32932897631289
2.03473782972992,9,41,13.1034321449468,2.01114549109242,2.32327608107231,2.43585567718087,2.54456341063583,2.66475027567836
3.77711754148072,1,2,4.73845716311214,3.93850324375271,5.0376672633243,5.43274419562266,5.90349230403532,6.39833599877687
3.36150998971622,2,4,7.05060980602186,3.62722738617814,4.56781816197486,4.93429625971807,5.30242641698247,5.75554689743965
5.63794229853354,1,1,3.75049367793093,3.9274849128398,5.03283064970955,5.46212627572256,5.85253861444322,6.36896100441342
4.09683445039131,6,6,5.24103880886801,3.48924112230479,4.39711334336423,4.74840414568971,5.04191388916476,5.43679728705432
2.87628311128859,3,15,23.037183363729,2.50301415192117,3.04946550773089,3.25331765127513,3.43434957669148,3.69261473230408
2.98752145436424,9,14,6.90029560300567,3.00907272307569,3.68100869799884,3.91681961086752,4.16333501693279,4.48850509447957
3.77924759793011,9,17,6.73761038876474,3.00574143284784,3.64153116931425,3.88380610948514,4.10028875743166,4.38912875019171
2.82794170546331,3,6,6.91519968199568,3.51438409209566,4.39376726085821,4.73197697376262,5.00941087993903,5.44404109072085
2.60559542520878,8,18,6.62660171775964,3.05776482247911,3.70563215483118,3.94251706266217,4.16070655443741,4.43792484631929
2.98865393405335,8,13,6.41038270602951,3.1543784747614,3.87467936042702,4.15371020572255,4.42540156484666,4.73426597421082
3.28768672312524,4,3,4.41885660996381,3.69025608732117,4.69131687227879,5.0964185306923,5.49264318382344,5.91235543100922
2.46862062915034,2,13,21.6459833083432,2.78338619710871,3.40853887169231,3.61882677252741,3.83178996392215,4.05912183671766
3.06455578279357,12,21,6.73522615542683,2.82579398176655,3.40385775406233,3.61412653104257,3.79737351315322,4.06683781037657
3.02041540345386,7,8,6.24020199923993,3.19266934452508,3.98651146580948,4.27836210996595,4.5839615733055,4.9482989982187
4.00076917539213,3,3,3.58597780179898,3.97450376825507,5.0497432309247,5.51110771735772,5.85996054753702,6.36016662911989
3.19649683551495,3,4,5.15268526264357,3.69669626999898,4.66397340573243,5.05760684689294,5.37801245670556,5.81109870287005
2.9290512736053,7,8,4.29688772017947,3.71004978419791,4.6306280058535,4.99393139470155,5.34126193173075,5.82103999510014
2.38867265170175,6,19,13.1023656110355,2.42577548585542,2.89909610357278,3.06704971604429,3.22291817357049,3.40855392873952
3.0340023654825,9,10,6.25482899299435,3.15238887464983,3.90640776021714,4.20575232426617,4.49125086083948,4.8170633045775
2.29254096380233,6,28,14.6183610185012,2.20784387707637,2.60282327543871,2.74098680576873,2.8661200645962,3.01701409977719
2.12004859382878,6,13,8.02823299234491,3.09217943602707,3.78100567559219,4.02824093965027,4.25961729931078,4.58672868528604
3.81336259273826,5,9,5.86363402930998,3.49726564684755,4.34562090515728,4.67908641626891,4.97633337953855,5.38618996861058
3.39509926336893,5,7,9.11476678756578,3.1181121482942,3.91435736277454,4.2034045540272,4.49134286602787,4.82444699006617
2.97501720895479,4,12,8.72229905427892,3.13663142558521,3.82402842161152,4.08958231223587,4.32184791526582,4.61107159601974
3.02503252882227,4,10,7.87677499223042,3.24148867828217,4.01326908799969,4.27451443739997,4.56673573844885,4.85649160524574
3.23279339451098,7,17,9.33879410132444,2.69587175074706,3.24703303130463,3.46267725781997,3.65844770802892,3.91812475496213
2.18971381343226,5,14,13.1259954724444,2.63434534925667,3.20831146235052,3.40485091674175,3.58918907253785,3.84491595477336
3.10716845393259,5,11,10.013403647132,2.90887803470778,3.57418047789784,3.81724517679696,4.04158838230225,4.36630438052183
3.99658130092171,3,2,3.43552451235054,3.90917564068819,4.99633880168725,5.44154562324427,5.88940962373676,6.49587922778909
3.52693433856007,8,9,4.21675049834221,3.70615193548358,4.61971016549047,4.96844439615746,5.30268705861318,5.73416063159827
2.55794068950008,4,1,2.79393094780947,3.71826071948393,4.78844454112823,5.22759616083032,5.61707473270751,6.14106542884295
4.87094423432373,3,0,0,3.98884004610096,5.20289226057119,5.67869939888037,6.12202171668877,6.65052637404188
5.61055041000444,4,4,3.63353736059414,3.96610916996924,5.03615805294959,5.42343678832704,5.80381947462049,6.29427191178954
2.57614871200774,7,15,8.67323876357803,2.83539627315767,3.43500879749367,3.65394636791922,3.87430246403144,4.16220413452445
2.50943176033248,7,6,4.18587457497532,3.70594914906247,4.65306717458312,5.02256226478989,5.40951289168649,5.90741038779313
5.38204790922925,2,1,1.44258463834713,4.32851634162008,5.58362797906024,6.05183169464488,6.51790371602168,7.11169132988263
3.11966503130733,6,17,8.92218050613753,2.86328964485368,3.44616306328313,3.66148180672906,3.87345183237989,4.15653949636586
4.00263461526771,5,5,3.37334270179018,4.03329857797862,5.11288211830655,5.52668227888569,5.90944064635695,6.38464285828875
3.74235631168057,4,5,4.83099610485463,3.73517692113345,4.69684941415475,5.06338123395994,5.41113010572225,5.84089332460615
3.31550632620037,8,15,6.42704216576473,3.15645049430848,3.84695868778768,4.10884094967819,4.33774941171322,4.60887093356502
4.2038790272312,6,7,5.16641661527668,3.56621815945112,4.4764591374966,4.81328084390163,5.12990219603374,5.58237855116784
3.56505112283491,7,7,3.51441777749287,3.97688949795774,4.99364069679837,5.39637445011056,5.76203622978624,6.14343238782737
2.70665212575796,5,9,9.22301412487228,3.06339254766813,3.79785745774062,4.06906805624168,4.36758977605041,4.7308003010091
3.11166232804587,3,12,10.951540742806,3.05757023325662,3.73257195317819,3.97025069111005,4.21667060979854,4.49270479597208
2.60742233257133,7,23,13.5715373272413,2.29760086592803,2.71934106750358,2.86402605319326,3.01366204605277,3.20012210998156
3.62259130410598,7,18,7.2418832360716,3.05182671760934,3.68009833613842,3.89954906854976,4.09303529627745,4.34169859480859
3.72003574757145,6,11,4.75270939646956,3.68502346789401,4.54960715693713,4.88115037441125,5.19707214270776,5.58532487050224
6.64317276169273,1,1,64.6331987650427,3.53366206464144,4.53908141538829,4.92638354990923,5.32842080086346,5.78328764403859
3.51428995680707,6,6,4.39131543696735,3.69639801909877,4.65024096781639,5.00190044064943,5.34108667069587,5.78993544068051
3.80282970059904,5,16,13.3024703256463,2.57329713532319,3.10971178296323,3.31458854646601,3.52122213076521,3.74837700081886
3.75763890104226,3,9,7.2584000768958,3.44365793210513,4.25853840455476,4.57651814431133,4.84143985512168,5.24611602239778
3.05528751813819,8,18,6.92150123617474,3.01123826068323,3.63703965082426,3.87123077868516,4.08557207152313,4.33200986378522
2.66444520625136,5,14,14.5246202532482,2.4981803346135,3.03248399414342,3.22601259745344,3.41945331448914,3.65077134767984
3.95110131113734,4,0,0,4.473372146722,5.79750227642457,6.33317922829334,6.88024174362972,7.49238613282979
2.96274322653733,6,14,9.64394735141284,2.81291152009544,3.41483830643611,3.65184578347127,3.86748853758535,4.11605923800248
3.66035996130869,12,8,2.68007619140427,4.29003740635778,5.40380978672086,5.82226191465146,6.21050740371863,6.66749126124979
4.60961837967816,3,9,9.22285067340474,3.23428350978649,3.99200659427476,4.26573395798729,4.54145584924336,4.90689460740271
3.726706637086,4,2,3.02421176461663,3.86663248154746,4.95544736094114,5.36425649562893,5.78010282329909,6.3432768552488
2.90770946758612,8,16,6.92756187205199,3.03076808246134,3.69156049559855,3.93384274490401,4.16494686795076,4.44243357599461
3.0957105102366,3,4,4.94927039518234,3.7460893425483,4.71412333843326,5.08821508584853,5.45284340248766,5.93485045515101
4.86932778912042,7,7,3.41247295587012,4.04048862546749,5.06483026192372,5.47294080045539,5.88179418149091,6.31387099453205
4.91420198036749,3,6,5.88342760767634,3.66283670170163,4.58507312600811,4.92781900377795,5.24275036024938,5.69300877054716
2.5117026011363,9,19,11.191790276121,2.35601739566213,2.82421337236455,2.99584664217603,3.16232797572498,3.40575344705694
2.3647559112793,9,18,6.82762990802899,2.97635649953162,3.59511003652529,3.82459045118313,4.03828111796309,4.27677514585487
2.11429742802281,6,32,19.2933118801173,2.01098758173808,2.35100047972258,2.4689969105469,2.58053255747589,2.71510985570697
4.61277361913456,4,8,6.97828687826422,3.36866485644013,4.18866121206496,4.50824444611779,4.84792506126963,5.21054300658686
2.62577049182974,3,16,12.0063955765814,2.88405340674404,3.49360145890627,3.72702275719631,3.93013765774937,4.17950546566337
3.06145660873115,2,3,4.86352296064312,3.86964042410151,4.9107009622776,5.29298561572224,5.66032291278973,6.13689863595272
3.1436004324903,1,0,0,3.91949582576854,5.0748531454465,5.5143975632879,5.92130015978194,6.46214646840537
3.41899683783273,2,4,7.32792747801022,3.62051578408854,4.55949675078075,4.90446667619299,5.24016418215796,5.70964396152692
2.81812852110742,9,19,7.74741132950078,2.7565468912487,3.3166478421788,3.52112475849181,3.68764780819166,3.95941058987223
2.30437407744126,6,32,15.9621824100701,2.11989413717187,2.48024434404141,2.6066117587148,2.72016896102745,2.8421713161168
2.57851415839964,3,0,0,4.09499991679365,5.29858411873338,5.75370202102679,6.2344017995138,6.86728308054211
2.95931013692917,7,9,6.66861367988476,3.16741177358793,3.95078519752933,4.25605591403071,4.52671398243403,4.92346266141479
2.60457880443748,4,13,9.65133105176774,2.98965778640932,3.64717943109597,3.88804780261331,4.08195474394845,4.39097620313712
3.6123138194667,4,8,6.46828725663517,3.46138695977337,4.29425189237092,4.64217627644405,4.95099306475928,5.3170039186587
2.56869735219981,11,29,7.63382383001964,2.61799153680445,3.08346797740493,3.25069403304873,3.41723908028216,3.63192449345984
3.01009843267438,3,3,4.79882729067237,3.75394439000835,4.77343265547837,5.16899662064734,5.55591163050628,6.07897152202299
3.4239375004934,5,12,7.8611616062152,3.14915501099119,3.85872354864319,4.10649514562395,4.35787584149258,4.63741096931857
4.20266883976895,6,9,7.15604306460183,3.1989838316624,3.98088036270634,4.26226082979135,4.53370328639496,4.85246118347573
2.3407264761132,8,26,11.5233555728133,2.32711784807188,2.75749351578271,2.89418766451117,3.03829197067471,3.19529794348349
2.95265593503702,11,25,8.37808750591926,2.48433972172648,2.94952819176506,3.12318825938795,3.29315107490005,3.49607350512619
4.49514568960703,4,3,3.85006963557576,3.81635722049889,4.84417089110725,5.25481667962315,5.71316615704266,6.18879627983305
3.54654069749241,2,4,11.907747895173,3.33696463021826,4.22337918478876,4.57307498450845,4.88410834260343,5.2697759588613
3.79102927479014,3,4,4.6994084049409,3.82328754381703,4.81736198003432,5.20961226549157,5.55578487934908,6.03322164115886
3.31622829420279,5,6,6.46030007308911,3.40725568049273,4.29100770999241,4.63039929663341,4.96433462897869,5.3484499445983
3.90461015200289,4,15,10.4050446865553,2.9251224133238,3.54191288847693,3.76636679337313,3.95401644127441,4.22844024740735
3.85692378702557,2,6,6.74110821045341,3.6573380230657,4.59540144831824,4.92587063820923,5.24517436079879,5.67447828793626
2.00958459009364,8,11,6.80417161618419,3.03373371827756,3.74342934687024,4.03006344077002,4.27456643348896,4.60215443098701
4.23030795102499,5,5,4.05569604554239,3.80287907352406,4.80990481143265,5.18863290638966,5.57266827446295,6.08478939955941
4.16523758432001,2,2,6.41465924825677,3.62600021149116,4.63095019062062,5.00828662086928,5.36648365176932,5.83724979550827
4.74581590352223,4,6,6.69691127321641,3.40513188433318,4.25534382355673,4.58278127199342,4.87146790047418,5.28004146943387
2.42995897455768,3,5,10.0023202033661,3.21340297019938,4.03375767683001,4.32783269289666,4.6597089825625,5.01491905021112
2.818433544054,5,3,5.09714721815967,3.52055171545133,4.48788757535419,4.86827411807823,5.28083057764578,5.79095964595295
2.23190203319267,7,24,11.8422718203474,2.37482257067972,2.80806390209056,2.97394724412887,3.12581164559291,3.30380396761662
2.11756369528386,10,24,9.03764065118389,2.50116493293426,2.97777311588782,3.14499316168435,3.31781298304854,3.5156707073819
4.24288737721484,9,6,2.60962003236618,4.27721883626514,5.4029924025587,5.88052366255896,6.32489182733363,6.86859196069158
5.05059070617518,5,4,4.85787918407019,3.56839857955987,4.50989305152042,4.89716452996227,5.29256379350747,5.72151381329441
3.31142361936462,1,2,7.29276540265372,3.73071159533691,4.73358668551946,5.10250056354661,5.47287715607912,5.93649674679872
3.41132722528434,9,9,5.85137070364652,3.22067342760456,4.00594973134418,4.31860403775739,4.6375368758922,5.01171948637719
4.29461803752842,3,6,6.0827472057974,3.63646305560134,4.56466166529864,4.90382676338392,5.23872161991213,5.62499527811476
2.26099309215765,8,32,11.0316622727868,2.31331744243435,2.70368977448287,2.83572490970141,2.95868692271825,3.11354249091478
3.81189748895253,5,10,6.9896728205274,3.2743642666368,4.05217635071767,4.34018792049758,4.59911763270305,4.94684419636096
3.12444350353779,7,7,3.34279617326188,4.06383958765386,5.11618500382866,5.48455853609524,5.84776430862325,6.39478365008681
3.00988444800569,4,14,11.88086977715,2.84261633903521,3.45132067441041,3.67549637836301,3.88133558273753,4.13599446240743
2.36730799386574,8,29,14.0311411908146,2.11210710459275,2.47692180523061,2.61327677565722,2.74199782022533,2.8954748197476
4.183619701324,2,1,1.34321211599665,4.3917954579918,5.61362846294081,6.12129061391326,6.58005872268483,7.15104446057159
5.88841341980977,5,5,5.0227705679127,3.58130237751898,4.52672387954011,4.88549820686437,5.21686448946251,5.65241159044753
2.54694194353853,9,18,8.4767592066974,2.71150033124566,3.26984182863378,3.47752897384781,3.67708953484227,3.95025075659034
3.31282846943531,5,4,2.85117984313574,4.15485551576604,5.27623449444671,5.69723414538659,6.07058950696105,6.53855132672302
2.21300156691697,4,15,14.2906376279527,2.6709778765435,3.24690229252797,3.44996228770915,3.62202648721995,3.87601186767634
4.03504981122526,8,17,5.90518830678732,3.26566062751189,3.96837198394077,4.23403728413569,4.47521960289899,4.74439806252161
4.26057541984235,5,9,6.8076751985684,3.27425944276035,4.0457628092671,4.33441390331386,4.63346382958683,4.95988939335306
2.94343221599845,4,6,6.22793087438616,3.51870398201489,4.41430133051789,4.76907403270726,5.08961707790252,5.52460831709811
2.46859800449526,7,27,14.055757426103,2.22412126717214,2.61763191256872,2.76369188069329,2.89141854131184,3.05819393238023
2.57088439340667,7,11,7.07910732141677,3.08495912405863,3.7971366447887,4.07257849308594,4.31426700031084,4.6325041103297
3.14468167530923,5,3,2.54337696195386,4.13857434387286,5.28198997376342,5.76171484522276,6.20551458696237,6.73744117390955
2.65892425297127,5,5,4.31815473396265,3.7300100949899,4.73859920280984,5.11162272049664,5.52935607382592,5.98890310156553
2.78035891908017,4,13,12.4281479674679,2.78112623490457,3.38321291713275,3.60497759212243,3.8235224214487,4.09202278471751
2.89762202978564,2,1,4.96354356470918,3.70777085574176,4.75745786305651,5.16863224211069,5.57006331604215,6.06190331543144
2.45028780832681,4,7,7.03194333503302,3.35450894114029,4.18114326317744,4.48438805023512,4.78978101722479,5.14979302826686
4.01812904688742,5,6,4.46362436634449,3.73091488723335,4.64789451024892,5.01468779973171,5.36725400657298,5.77042114557423
2.91280600691228,2,7,21.0234733311856,2.97614175616277,3.70553438468286,3.96399658953377,4.23099439679896,4.56706339307722
3.10872733916442,6,22,11.009801199539,2.5781901044738,3.06839521762161,3.24631345715512,3.40147193762025,3.61752275290054
2.58426741789885,5,9,11.375838811133,2.82302765713363,3.49031832886589,3.74043562292,4.00516854171671,4.29837819018677
2.05629194929433,8,24,19.8601714902493,1.89865481369855,2.23817493496821,2.35523187298943,2.47060188566058,2.59110957134989
4.40638832173738,2,5,8.78024993108765,3.47802497007039,4.36540041836163,4.67801767251476,5.00691742204293,5.3892239911975
6.52138969007989,3,1,2.86243116643709,3.80509017376563,4.90206520879813,5.34982806558511,5.76493346919516,6.3572110710695
4.07825813103681,10,15,5.5338256691544,3.2522076291002,3.97897450853126,4.24960433398462,4.49704816221765,4.83732959281415
2.32420102265771,12,30,10.2303422423423,2.21931677159791,2.62194335101425,2.76475038631658,2.8940431241683,3.05253700261678
3.58225697019925,4,14,12.5659179753514,2.69471434801149,3.27755116386761,3.48465391581317,3.67528470577756,3.94838966054715
1.83867686904665,11,27,10.378474915132,2.23962657355226,2.64731993178829,2.79432773420414,2.94043912864462,3.14282439978817
2.70126023949516,5,14,8.02440952420522,3.08161485613247,3.74627382129625,3.98324970967399,4.19445640689916,4.47508630537069
2.19898361401967,6,15,8.60941057563241,2.97336340683664,3.60795889415486,3.84687189245524,4.08246203191316,4.37344073926197
3.90412639483577,3,7,9.0505155528455,3.35218408321084,4.181297777957,4.51196490464781,4.84459626402576,5.20834094619923
2.97460980799451,4,9,7.9102631164094,3.27164738923502,4.04856024858884,4.34494169912455,4.62153225711784,4.96575033155591
2.34610754764187,4,12,14.7390498077821,2.67489921456472,3.26582607031325,3.49101080823644,3.70023690323795,3.95365800221258
3.89876868600965,2,1,3.20120987659298,3.88271957186021,5.00297694010659,5.45268195081799,5.87406841878353,6.43024001449255
2.9057915078959,6,13,10.3728668322997,2.83721994614912,3.47993023738445,3.708876320803,3.93204415263673,4.25424279888892
2.20911148573196,14,31,8.80042427334474,2.29641071052258,2.70261491603881,2.85225192107642,2.98575989683139,3.14859638596447
3.16534961234117,7,20,8.90437977083362,2.74542744731112,3.2958266330835,3.48081934991424,3.66486954900374,3.86972951609378
2.8018980406708,6,14,10.3496734123565,2.73853074273967,3.32510260336085,3.54587722659379,3.75298063756546,4.00936567661187
4.0364298896881,4,8,8.02463008567533,3.23057741141546,4.01767269520469,4.3139324501096,4.5708918516043,4.88284921142345
2.53219447514085,10,17,8.65912298556994,2.63516560254619,3.1873950367428,3.381966400243,3.58397478386344,3.79731775509064
3.67441398817078,5,5,5.45121789740245,3.51577555215591,4.44213587876891,4.78174933277702,5.13663033268506,5.57064433572443
3.33096337286591,6,14,8.24339410927934,2.98780028397411,3.63723413937289,3.86348160774119,4.09146335642342,4.38647437312353
2.67401451763493,12,16,6.35295298382366,2.95611998573937,3.60221612865854,3.82922715846135,4.05442422752121,4.3335390835465
2.09357673557796,4,21,14.5482310987318,2.50733036817409,3.0058678254255,3.16737432959172,3.32206383903845,3.54003564162014
3.07438633406798,6,18,10.7093022832646,2.67122658542678,3.20767396799271,3.41443192067859,3.57714512231374,3.81331895339928
2.48375836483335,6,17,11.2123504458963,2.62133996473237,3.15041163414131,3.34666314978306,3.5261320261244,3.75288764420684
2.87786805890531,9,12,5.40362729072627,3.34375626514188,4.12247600923097,4.39833630717711,4.67649312533149,5.02627207690119
2.72710161094318,6,19,12.1570785335932,2.52046297616059,3.02171559068223,3.19892447109053,3.36066725526044,3.57049770066954
3.58725324213116,7,7,4.1092705219,3.70495056958683,4.63506905903081,5.01077946987767,5.37998755523718,5.84732427919212
2.54076610572407,7,16,9.14610095259835,2.77882460246564,3.35781348464173,3.56881579471922,3.79094817493961,4.06682693349501
2.62859093541428,7,15,8.12883186823241,2.92778549425169,3.57311523670452,3.80370440286585,4.02246494088097,4.29254848231517
5.95055589874328,8,0,0,5.09881874099056,6.6203278199082,7.26031782524069,7.93295557767776,8.67715895471473
2.86430953806824,8,22,10.7904725165105,2.4576703900791,2.92964332544926,3.08903790685809,3.2560939068005,3.44929905082614
2.98417836355859,7,13,6.14373829978198,3.25051096697802,3.97226001480294,4.27198306926014,4.53464684212345,4.85851575141409
4.98379409743719,7,6,3.8345218360392,3.7627982207354,4.7552213289854,5.10291151992712,5.47004130753127,5.92630932776966
2.85431835995687,6,15,8.80333108772895,2.90782037520946,3.54006972960571,3.76185222221248,3.99967219989441,4.30621648058998
3.80222715848906,1,4,30.3849009747672,3.20138568065988,4.0395289800641,4.37280123957302,4.70083141722746,5.07988608920693
3.39971757546574,5,4,2.58548206714185,4.29899578101312,5.44923743757568,5.92844483510678,6.4059213117457,6.98711771035464
2.50154382979632,3,4,8.51414317505436,3.40754036517659,4.30083222026634,4.65051642197555,5.04896568208919,5.48081893128962
3.93154510897391,2,3,26.3212487350349,3.19003218948328,4.05533492292337,4.38867541332904,4.70485613483464,5.0819017268746
2.66378341266609,6,6,6.89446057698231,3.2123353676439,4.06047262123752,4.3584404180322,4.66654592621851,5.02754850501067
2.57185856795907,5,15,13.5180559053,2.60842832552712,3.15413330766903,3.34885484733408,3.53869016897158,3.76053066755897
2.69552141950912,3,3,3.76301369129335,3.96170849622029,5.01549348040861,5.42820634120101,5.84369352545609,6.37004566600145
4.12423385984568,3,1,1.08167679250297,4.45625140870189,5.71680119187669,6.21271320045274,6.68629296203423,7.31436534198067
2.47529120719582,9,19,11.4066108135892,2.35095553797106,2.81663107802737,2.98938664718708,3.15589411857826,3.37433787039279
3.49816315820999,4,11,8.9792314351928,3.1187198802024,3.83509602901652,4.0904319817556,4.3377578378048,4.63630086521459
1.99356858144867,7,25,15.6912124760522,2.14453972424451,2.53074705651523,2.6626021434032,2.77283665493842,2.94185417276908
4.14318327057359,5,3,2.63217352094805,4.10007065894763,5.23599612371082,5.64172862034811,6.08868271544356,6.62760965425775
3.54935006498283,4,9,9.73147490468924,3.07128555218502,3.80075815823117,4.08283223922351,4.32543458751398,4.62319333160163
2.40320467633213,7,16,9.0635017583497,2.7655481291847,3.35135585551599,3.57394597077297,3.76345982283111,4.00906765712359
1.95633890535115,8,32,12.5461505499775,2.16471929283868,2.53050629655053,2.65994512089765,2.76604612927974,2.90665724535707
2.86732252736573,0,0,0,-1,2.86732252736573,0,0,0
3.55036082182589,7,4,3.07518472540277,3.88391988055422,4.96497509961685,5.41357197786827,5.83314119738004,6.33656178261732
4.48846059472817,6,6,3.43276976736268,3.9896944563671,5.02437793694884,5.45291726630634,5.85018694331267,6.25127120543125
2.72746747071865,5,8,7.03417134592475,3.29322978342449,4.09033957363255,4.37449061116457,4.66748253201428,5.04793738138275
2.47869231400592,5,11,11.0335093599239,2.86063875562714,3.51059840361593,3.75601774165473,4.00897817519784,4.29599270646505
2.2666419743856,8,25,9.88466226361821,2.5357587393683,3.01244240951318,3.19920445967495,3.35210468497817,3.55996531903063
2.12420507273086,2,10,12.592411389327,3.11928190887522,3.83496766588685,4.11410014483346,4.3617237951889,4.66616139953105
1.9872709768059,6,18,14.4351470423392,2.37848409965014,2.86504092647361,3.05387975573378,3.2008885912481,3.40974052764811
4.18834412738641,4,3,3.3363390150335,3.92926916608619,5.01175488939962,5.41439565676746,5.76490978927841,6.26858622477803
2.26509550941798,8,31,14.8263492045295,2.05069791968524,2.39718119115802,2.51529597343653,2.63316701354551,2.76965116754055
2.70654280250197,7,12,8.20655990333638,2.92461050974191,3.57243014718063,3.82431586639388,4.0544879876451,4.37504144882811
2.74002037965384,2,9,23.8152951784108,2.7915135784914,3.44489996764601,3.68853283656135,3.90632305202888,4.2161387214197
2.78366060801495,4,8,10.4272751439139,3.03782588717129,3.77517045496494,4.04527011224736,4.28589874266058,4.59320794062345
3.25704838522238,2,2,4.43187963896944,3.8527226457858,4.93157691755348,5.32605796796413,5.70650390791382,6.16250748232801
3.19474156154501,4,5,9.3031367724245,3.19763662953037,4.03193912332945,4.35786796503401,4.68335600162285,5.05200387731441
2.31468678878384,3,10,17.0651761013897,2.7668603129941,3.40249394705946,3.64478610484976,3.8728989853735,4.16935260120499
2.92019181647384,9,13,6.05158104742814,3.16463966298345,3.8842959694575,4.15643401069705,4.41077785931124,4.79069318783734
2.24318175721818,5,10,12.0712976574987,2.80682197610886,3.4585739655917,3.71064528554504,3.92739149689867,4.22691951443398
2.97201296952491,7,21,9.76060433049946,2.59581227916282,3.09944934271277,3.27124371392379,3.43078075376314,3.63865008665178
2.90892394982973,6,12,7.9743661174772,3.04880778080481,3.75303472739169,4.00771831246717,4.24843983718446,4.53685614224126
3.38305837939606,7,15,6.51024656457946,3.16746324058748,3.86762191667128,4.10557519542888,4.34742156696276,4.65809464024647
3.52681816825802,5,14,8.9636713946918,2.97015223080931,3.60762475667359,3.84223616450841,4.06092688731116,4.33024904456995
2.13786967523953,8,19,8.84538745948521,2.67637364920858,3.21743656478954,3.41346275235387,3.59576180323483,3.83421481799576
4.17301421178241,7,10,6.06991420621184,3.29377095550974,4.08240027753509,4.38824278821474,4.67300812642783,4.99525487423522
2.2492913219528,3,13,16.6301739281772,2.71650054088588,3.3047216553929,3.53839456876981,3.7339047518666,3.9793176791778
4.08471322995512,4,7,6.94605336399557,3.37763174291215,4.20528159418573,4.52829415316468,4.84789591354237,5.26495502564077
3.23204450203903,3,7,8.82318303758336,3.3132170813582,4.13412510535003,4.43548838377611,4.73014007816122,5.04134903516197
3.07218157217526,4,12,10.9238475597368,2.91727309017732,3.56679793268627,3.80525516966519,4.02379989017727,4.28365035179632
2.50751690138588,8,26,10.9796800704284,2.35903773566549,2.78476992660506,2.95021433570276,3.09223558914794,3.28613465207783
5.82164535926229,5,6,3.3860904137056,4.0996545670668,5.14962046834721,5.54602368731388,5.92345716237393,6.42598036921345
2.09847754194927,4,11,11.3772560165939,2.91254410098455,3.59207993958513,3.83287999017695,4.07257613388531,4.3460285798146
1.63127230018615,9,34,19.8932756876667,1.72596707477058,1.99678587841943,2.09370199499045,2.18793243683863,2.3197827012456
2.68455785591402,4,3,4.59674561447318,3.65857888881917,4.65746313815724,5.04996910193374,5.46716941592148,5.95001382298278
3.33232080539804,5,9,7.44064127401148,3.22130612936526,3.97574090732022,4.2380814040111,4.53156767671173,4.86284213710744
3.20938019236514,4,3,6.64055573450556,3.41509877571177,4.36413936155125,4.75199394816304,5.16401638643867,5.5758292921054
3.49983518616207,6,8,5.95071677292653,3.38804680042517,4.20736011058331,4.51540470633301,4.8392181257926,5.18433182764781
2.87593455245243,2,8,15.2553778317217,3.04485542757677,3.75466800750502,4.02737793283616,4.2879445769851,4.58335592704405
3.1977322995887,7,8,4.82193817692431,3.54340146023163,4.43527145781411,4.77999789441303,5.08350475432423,5.46505476088473
3.66237602576455,3,4,6.04634035844805,3.60284327259062,4.56585322341778,4.94441948490689,5.24747360978373,5.71288042856229
2.85564407326119,2,5,7.38553906364329,3.60013620964666,4.53520322502797,4.88903694063958,5.24495506425843,5.7053741721456
4.83809321240043,7,12,5.49296641909131,3.43013330851988,4.22347206836532,4.51192053916564,4.77822657279289,5.13734074040648
3.83691666576105,3,5,6.4219355659138,3.58114174985224,4.49660440974892,4.84549378363039,5.16290092177706,5.55858890412489
2.74513664206543,6,12,8.59945843926751,2.94572733341635,3.62238485821924,3.88819146699263,4.11572140256776,4.42796390436406
4.51821826546449,5,5,4.47146505434735,3.72112598110167,4.66937842758123,5.04308894136313,5.43782078133747,5.86706688832332
3.45803313000129,8,12,6.8597915080531,3.04634663814702,3.7526051641116,4.01278845698511,4.2546315795378,4.55636605510019
2.99005993412537,5,8,3.88216512633592,4.0169140586593,4.98050005812684,5.34808112615339,5.7194537023877,6.11790472383617
2.58798675596386,7,13,11.7388382062668,2.62359673223782,3.22567767739825,3.45062739251076,3.65392440956306,3.88210801156059
3.17071828983239,7,11,6.20226088197496,3.23405327221913,3.98598211114955,4.27480712011064,4.54256657829991,4.88661700359582
2.13237442525448,5,12,8.69878014342111,3.03321473307474,3.7045158771449,3.95474254834432,4.19027218149149,4.52602094389902
3.3918853891999,6,1,3.671999514051,3.39637072711153,4.43952559347484,4.86252349423721,5.27113825354301,5.75785805864963
1.85557233126695,5,30,21.3745860504,1.99975227684907,2.35636191663258,2.48730041237396,2.58821821267805,2.71894846183929
2.94463478126259,3,5,11.1083255277053,3.21363594534675,4.04969441348656,4.3636390269767,4.68541907347561,4.99254792472286
2.65262458790775,6,8,7.36591234936312,3.12503186446599,3.89338976152989,4.20499373779944,4.48672785576721,4.83959763607806
1.79719468482926,5,20,14.3735634125799,2.40737131673013,2.87547653741078,3.04239187267593,3.19405431459547,3.37481068101923
2.05694210034637,10,35,10.5103540317466,2.2634187014983,2.6495642527138,2.79154182524053,2.91175024111297,3.06855559873279
2.42248666506359,5,9,7.82067136370147,3.15345776644243,3.89771125783101,4.17022554972881,4.42286283107146,4.79208689508374
2.88022843944483,4,7,6.21730355194407,3.53817681576333,4.40468611797368,4.77043233288087,5.12412140816425,5.55267457916611
3.18023535792204,9,19,7.06192217206979,2.91988566567679,3.52500243645351,3.73931570917,3.95531910549219,4.22600812424218
3.36696867194289,7,15,7.5345853158291,2.98068868446542,3.61227176567551,3.86214972968375,4.08484340278467,4.34719882342714
3.03824790609605,5,6,5.72424512569062,3.48227370155028,4.37360354244794,4.71058459946337,4.99513969167884,5.4418045083394
3.2017479070561,7,8,5.46825847740969,3.42027237301382,4.27452890421011,4.60102369396956,4.91036604973576,5.30742725825771
3.54372703990338,11,21,5.55120889701905,3.17678060282382,3.84778188163474,4.09743961841362,4.31770980662661,4.62607444457049
5.94689008883363,2,3,5.41138765465528,3.74737174066065,4.74044779724303,5.0778778141218,5.46311027412112,5.86141671623845
2.52349609857145,8,13,8.5923013908022,2.78156730496678,3.41027131863309,3.67673490310917,3.89373160848461,4.18718131009816
3.12920450066112,3,3,5.10437288057635,3.64183192497674,4.63746700395174,5.02246870868779,5.37367310553145,5.81006092134543
2.61971898252424,4,5,6.95349138076032,3.42407657924683,4.32104743890841,4.68715237652471,4.99491588417338,5.44068021020511
2.48544924870701,9,10,4.88016235507526,3.44749337483479,4.26809817527041,4.58019071121529,4.89383043578381,5.34535404612201
2.59428748976743,8,19,10.353213815641,2.46853501212779,2.96283395826653,3.15079668050776,3.32969410153506,3.54604865060401
3.06222083798387,8,23,7.92320347111091,2.79493515506896,3.32833570420785,3.52566304491851,3.72430587672593,3.99586386582787
4.59430062660114,5,8,4.41017073608794,3.84566679848881,4.80998197028865,5.19553300938368,5.53576879566383,5.98429969312715
2.59469909840974,7,9,7.11727965814466,3.10693930644717,3.87216985245627,4.16548718650535,4.44258841153399,4.76899008674478
2.87302905709246,5,10,7.47276604659967,3.21341316451588,3.97457486007663,4.25247307561801,4.51701513238902,4.87862387245784
3.06093782655872,6,11,7.54619814439223,3.06961159040657,3.78155208456548,4.04431295797017,4.29254357771267,4.61797737902763
4.02859042661295,7,6,3.7594029239774,3.8113197300469,4.81041600905115,5.19902330679861,5.5673904759904,6.00740642147384
3.67086356611614,3,2,7.55927131083729,3.47085103209538,4.44588272421204,4.83074007194484,5.17994399458809,5.62120789206224
3.90825118939597,7,9,4.34639475811312,3.72415488056453,4.63497167381706,4.98172572075332,5.35199757932652,5.80160902482903
3.98385872110103,1,0,0,4.06454720097881,5.26777561303617,5.71507681441437,6.19183102302936,6.78531323116008
3.40029504067837,2,8,11.4227486338857,3.22843527056347,4.0008924296881,4.29055261451567,4.57623281970276,4.90366668508258
3.86723814101404,5,7,5.93930908792457,3.45541234232954,4.33108882822616,4.65943929359856,5.00465226416867,5.39933965470372
3.08040983197914,6,17,10.552265299396,2.67803792081167,3.22492186954354,3.42511599837703,3.61121541186127,3.8613550119338
2.49735733495269,4,26,17.4691999802953,2.35693075138454,2.80065484268867,2.96011299836599,3.10985599395595,3.29692029885916
2.1089645122973,4,14,16.6770570088788,2.53750488173526,3.07145077578615,3.26614764191971,3.44685114532748,3.71406835357448
1.76725207242653,9,35,15.7451280565164,1.92368330423318,2.22797404484841,2.34261603433442,2.43071718933864,2.54184547262399
3.10789687221862,6,13,11.924638718981,2.57872713477496,3.14650850251947,3.35748235272493,3.55413131961206,3.791547704056
5.30491323622706,5,4,2.92596666029555,4.14835009443028,5.27421182484568,5.70451626288069,6.12583382655594,6.61786913580283
3.53818790094468,4,11,8.35320073677053,3.22860705059289,3.94897150931634,4.23076848729147,4.50842631909522,4.81106504989217
3.88257335396764,5,11,8.12232071296642,3.11650824168331,3.85603617441315,4.13258924965187,4.4050344346695,4.70929022653347
2.55735676230662,3,3,3.98206120614392,3.86111590031555,4.90399640652958,5.30415213327767,5.67890227574087,6.21035603438679
2.49846270672724,2,13,17.4416172719238,2.90426388821146,3.55153617066399,3.78813905408758,4.01784453769673,4.28427244448098
3.25198161741547,5,14,8.16147276126802,3.09090301712426,3.76166962617186,3.99123895784328,4.23848127623072,4.56219855708148
2.33231154774737,4,13,10.8338446679333,2.92400828954898,3.55497113210575,3.77978304748218,4.01301554859343,4.29245536173017
2.34601819656979,9,21,10.3252244585067,2.44074845055163,2.91558362399279,3.08937169060031,3.26084516763251,3.4496125862144
2.96865761409941,8,16,7.32492875206167,2.96974042813251,3.61642753261782,3.87575039620423,4.15305057638282,4.39975463595931
3.57320204238737,2,0,0,4.00042863535245,5.1658995577623,5.63588270351958,6.05950038936126,6.71989472084143
3.84063389231899,4,5,5.07592794090096,3.67094934426517,4.6515725149712,5.00314187355292,5.33332465049099,5.76560271705913
3.52839207127259,6,5,4.60461576145434,3.58813360076174,4.58150578868886,4.95453776945778,5.29171204734737,5.74657405280051
2.4111954448419,5,20,23.861503677383,2.12224551301295,2.54676284797444,2.69817188563545,2.84126591827321,2.98660865495098
3.13266915370997,5,3,4.83794374968974,3.55524153200791,4.54321166778666,4.95403668731177,5.31223523026879,5.78767552678424
2.88502470535394,2,3,8.02276083197455,3.56706589579458,4.52167732714131,4.90083811110614,5.27104639017155,5.74267670425103
3.48187684006259,3,2,2.84633244860531,4.03737074179956,5.14153944994681,5.57235680633917,6.03125152472657,6.54752296467982
2.82823526522596,8,15,5.98191530340632,3.22536056497052,3.9448046069547,4.21117750217513,4.49173010010687,4.79989703080427
4.30414543771842,9,13,7.200179984295,2.95571083968228,3.64034272388369,3.88540231864875,4.13463372877081,4.44467891175063
4.36165613795984,3,4,6.6992652027273,3.52707895622736,4.44781724796113,4.83022963622217,5.19165897574002,5.56415064962408
2.42200467892085,6,6,5.65467934965368,3.41416448162864,4.33002457162223,4.68292897045722,5.01935130811075,5.41040910814673
2.26159835900253,4,10,11.7130576875208,2.84006528676431,3.50349733548706,3.75832538240471,3.97506125350128,4.27786510600194
3.74817692159944,2,6,12.9832468976646,3.23376955000099,4.03365471799616,4.35491626218167,4.67927251864266,5.02196515787371
3.80098871908765,9,6,3.09588546896199,4.00292584172042,5.06801311589053,5.47913996811783,5.87385830473286,6.35315389407982
4.19014995814408,4,4,5.58842266785713,3.55849976187952,4.50450983068253,4.85952678125465,5.21736819864503,5.64998010382586
5.19328640131674,2,0,0,4.28885149306618,5.53548991014188,6.05272075289449,6.51340570287788,7.14458983458838
3.42500272487777,6,13,9.99496919392791,2.78535747829152,3.40350246993763,3.63884732699049,3.86545020042248,4.13477674048989
2.44731129071878,9,18,9.61937349733328,2.52362854082535,3.03643573450542,3.22581603342519,3.40389384620862,3.61080478563589
2.82380202323456,7,19,8.12144368339548,2.89398385957893,3.47736355024308,3.69920616994996,3.89100179372209,4.16482940287655
4.4959277096504,2,4,10.2130914084969,3.4221453834467,4.31780884815353,4.67206196441374,4.99960303098357,5.43867356995627
2.03363283736868,11,33,13.8477791942684,1.92571902704989,2.24698136448305,2.3514102321393,2.44309179956136,2.58093563103903
1.95121917873428,5,23,19.3169125606782,2.23712894418762,2.66489166507493,2.81735101071945,2.9493745153806,3.1058610438811
2.3937202185479,2,1,2.17888889761965,4.04808352974517,5.20253645772314,5.6751734746704,6.09458334913623,6.58439823757029
3.27154123730806,4,5,3.72759256846041,3.94362556819587,4.94889406469611,5.32709050669828,5.66247538213563,6.17807389014824
2.96719190298301,4,4,9.80827650737752,3.1746058072338,4.00451626837492,4.35570709822694,4.6386115926259,5.05896919916735
2.36905796462819,4,13,10.1300023997686,2.9912709369003,3.66052379593388,3.91611708012827,4.1337753734695,4.45890002549601
2.83542941470933,7,25,11.2190899580495,2.40171173470711,2.8316758329292,2.98451878298004,3.12012153783605,3.30988823189297
2.78641255755874,5,13,10.2755836841694,2.8994505979502,3.53975252916823,3.77284603662143,3.98810403693902,4.27901603887214
3.33691729459072,7,14,7.57099375440082,2.94742752534497,3.58607655613591,3.82147297923093,4.05031749765919,4.36045649050106
3.70205022900625,4,4,6.57724251834042,3.43862716691189,4.35090109356651,4.73394116885569,5.02513474961085,5.43174976955932
2.67401201086457,2,6,11.8590792902654,3.26400240600602,4.07690007426372,4.39584897607258,4.71348074653373,5.08007541598289
2.49831132825559,8,9,5.79464958989274,3.20701365843766,4.00325111931676,4.29055748278498,4.58598344862416,5.02329023757172
2.53669343049396,6,9,9.0911895367115,2.92331169551134,3.63266270827235,3.90365946523304,4.13295389080803,4.47054285344097
3.46709274064487,4,4,4.57110520997947,3.77246711441704,4.77300651588205,5.1553780727707,5.5360014384066,5.99447111671125
2.67642719945595,5,6,7.38042082074713,3.25020958246375,4.08334673179851,4.41026589740046,4.7500979813658,5.17967331591566
2.59594217446139,6,24,14.4575583777357,2.24823227424691,2.65907600598295,2.80996319399192,2.94232795599107,3.12922689050175
2.83110075551892,10,11,4.6911513187849,3.44517308463707,4.26765077347605,4.59589904458832,4.92690736534049,5.31102914410222
3.49749525592597,4,6,8.40947325811095,3.25202256743628,4.07636041326036,4.38903149369298,4.6948831806647,5.07915165732036
3.37314591084975,2,0,0,4.12312779476034,5.30743941671901,5.80168248984845,6.26476115505396,6.84823725485268
4.11606548490883,4,5,5.39186669998686,3.61822544020671,4.54657945392641,4.89540624491675,5.21394456930558,5.74191006579224
2.50527590770258,4,8,11.668977077912,2.98525342455494,3.69505750170499,3.98137408381033,4.23088987016709,4.60892284247646
1.89846344882311,11,31,12.5047476699679,2.02905433032292,2.37722314645131,2.49623905929955,2.61610027834593,2.75330224181991
2.16102643009726,4,11,16.5815659589015,2.64186718175822,3.24899434831962,3.46353082117259,3.67068532772305,3.92690384973823
2.33189568797736,5,20,13.2085844957555,2.51897394809249,3.01229404667883,3.18268430440385,3.33527106749764,3.53292810843142
3.99761451330192,2,6,9.66692240735314,3.3382640538429,4.16414373380199,4.47824240425903,4.76943997085718,5.18103600239155
1.58436893110938,10,45,17.5145056612794,1.65905899010043,1.89319189440056,1.97074613505097,2.05412591772592,2.13348898025721
3.64652899180013,4,4,3.70318989054757,3.93175311357407,4.95093114538688,5.35959121220124,5.71501336920292,6.26689550041291
2.98507946433219,2,5,6.19300186834882,3.72026877144441,4.68052896921138,5.03749490053252,5.36651529794189,5.774944835809
3.12082772945195,8,21,8.54111861895506,2.7017338656117,3.22946068276587,3.44111809862228,3.62622999426576,3.86611739120159
2.51117009906249,2,1,3.30156778471977,3.85112043552723,4.9801317618365,5.40497833238049,5.83215586575846,6.39918890063825
2.10619617610923,4,17,13.9967119409438,2.60750517000704,3.14880280779057,3.34328791168139,3.51982339731072,3.72023931094992
2.22565349619653,5,12,8.64115932172746,3.05660474827263,3.74339052354742,4.01302836013116,4.2651477561207,4.59353534511903
2.91338327253932,3,3,4.34139421204329,3.84757171486176,4.9172122910251,5.30608857512479,5.72141078254655,6.17151838607141
2.90557317334565,1,5,18.0065970434744,3.27876499031324,4.13276545059258,4.44396898094708,4.74059656383201,5.12251742346865
3.39346210827844,4,2,2.84149404530393,3.91785593673729,5.016685130326,5.47716062302258,5.87315679854247,6.44326943713151
2.8127250206527,4,6,4.58853114296024,3.8099002391416,4.77728622819114,5.15432363403467,5.5005579513118,5.88627375478173
3.09916565508007,4,8,11.6322348291219,2.96015559663117,3.68101674535079,3.95328434301462,4.19321226445814,4.50105591185715
2.65530558112823,10,26,9.08926160486076,2.45778107776558,2.91358110831108,3.07386146144845,3.23607426493008,3.45163192427227
3.41958082247364,3,5,6.47723130785813,3.52639721399631,4.43155645526046,4.77590487183358,5.11004536180294,5.51878658935126
3.60311834673453,4,8,6.53595716318891,3.45423089171863,4.3027867786162,4.63305135253854,4.8980585109891,5.24868527252109
3.54093386035204,9,4,2.64854298391262,3.97010269076392,5.09257952538125,5.58362854395753,5.99815568473209,6.49742940796965
3.34550292940261,5,12,8.27345015261462,3.09082117234843,3.79268107042227,4.07059201232557,4.33081289780067,4.57106172967988
2.88037114416225,2,4,7.25347964706352,3.62901905434871,4.57195895117282,4.9352476075601,5.26219319350628,5.68032301442348
4.14630022850034,5,4,4.08810538881844,3.7269436332027,4.73213211757789,5.1400526809022,5.53926294484073,6.00722598584638
2.47776661735013,4,18,11.115329157992,2.80011983724943,3.35575706999308,3.55692575848845,3.7712059394082,3.96302980145517
2.51936134676861,6,12,7.02270908063971,3.13574944060378,3.85202989810504,4.11400755708158,4.35295061424681,4.67259337634063
3.10634996785717,6,4,2.46044283346495,4.30176584852938,5.49741941836087,5.92605127713528,6.35743037649604,6.94251879146245
3.63839962006791,3,2,3.22895153089338,3.93093445385574,5.04427024843212,5.4375093829493,5.85479016807691,6.45123183934447
3.27508209286864,9,11,5.15123854585908,3.38389076450453,4.18360548189084,4.50291347212533,4.77488503548101,5.18507182235019
3.10558687272611,5,9,8.11020429056173,3.15897593324847,3.9080575011798,4.20989698643481,4.48402530862494,4.80950306927932
4.47024639282562,4,6,5.65068476097908,3.59973817273648,4.5042049196117,4.84507989835364,5.18746309800421,5.63044419256881
2.54230445313459,7,5,2.91256984858133,4.07676021963202,5.15695480399319,5.56810864848535,5.92333071218225,6.48333323050631
1.97902724424462,12,40,14.5871243212934,1.7968796704113,2.07234648545557,2.17154345402292,2.26161541643164,2.36468835056013
3.22544518927274,3,4,4.07506475521588,3.93325023774322,4.97597565740311,5.3388406689881,5.69077753390455,6.18054887450404
3.01824038430593,5,13,12.8737992822705,2.69648310212094,3.28428215499305,3.50249293386317,3.69241300622662,3.92054334726976
4.16358745315385,5,10,6.7293591560277,3.32656194197179,4.10625471520573,4.3604983182731,4.66105596621014,5.02332577560428
2.91584977108417,5,13,8.11724668713442,3.08139300435386,3.76474142589162,4.02321119417018,4.25469646772853,4.55777551370382
3.1494174036987,4,9,5.92547234372958,3.56234598003829,4.41182953173543,4.72843021389844,4.99477508841362,5.4091022392913
3.33387823544182,7,17,7.64603714982562,2.9868526650127,3.61045640805193,3.82587752569947,4.04883904703653,4.33297089357184
2.46401323194222,8,17,8.10027649491177,2.81472826972851,3.39772907962653,3.6204887622654,3.84647158586665,4.10241067281259
2.66447187087863,6,21,12.9646105053346,2.44363525916608,2.92136881944664,3.07971373435955,3.23093893885488,3.4050176795386
3.92012439343471,5,9,5.58074148420289,3.54806098411556,4.39509911299962,4.72867045821194,5.00232451784926,5.39547474714577
2.58693679333585,5,13,12.1213672798147,2.75269995169638,3.34600870984242,3.56181622884184,3.78168507770617,4.04252574271652
3.43088258799784,8,8,4.0194510702488,3.75606620867108,4.69972291874461,5.07213636705947,5.42924050631515,5.91957861165029
3.70824621590165,7,7,3.63804159985039,3.92825297013715,4.91627249621194,5.29315193517136,5.67454809227499,6.2077924654737
2.32536175694679,5,12,10.2240961615858,2.86985852261302,3.50516546387651,3.73511696867524,3.9544966627127,4.23754078517268
4.6968943916495,3,4,4.59475593384197,3.818692868193,4.82985947145563,5.23216984551315,5.5974234452729,6.14457725312029
2.41075441153019,3,18,15.9339369125971,2.62776597374699,3.15459259877618,3.3564683250364,3.5395270549489,3.76874917183009
2.1703413679585,13,31,9.82135672599554,2.1965180251257,2.58195859728868,2.72447526661793,2.84053125888476,3.00233758467821
2.02885647463253,7,8,8.04904362267794,2.99207355123554,3.74270116125199,4.01498490364603,4.3209152094771,4.65774667798543
3.82973239299024,4,3,5.71083072865624,3.51022392914396,4.47339388768069,4.86286344418237,5.21259057529988,5.65812822669292
2.98280192804689,5,12,7.1874642246277,3.22926946671861,3.96044123551565,4.2233704897218,4.45524167005529,4.75702367727386
2.89561564247965,4,18,13.7588128578961,2.63728876897818,3.17016660090281,3.36883486111382,3.54817633787448,3.75245206938545
1.76846479478533,5,14,16.6676433545102,2.42628560811558,2.93747723083806,3.14112600437135,3.30844410002722,3.59086702663303
4.30073472102577,5,2,3.25269414804539,3.73569066531291,4.82324282824044,5.21312900248381,5.62183440324399,6.14973940887034
4.20481355556319,6,7,3.49368475181872,4.06470360026945,5.10322139349785,5.51442233086926,5.91505869990822,6.37023096991013
2.90109703055472,3,7,8.25127082672703,3.33827036860167,4.16203030577458,4.47794649657934,4.77914249898603,5.14038937241153
3.18076781785615,1,0,0,4.05470657981191,5.2400729663346,5.73234241221264,6.1981513203932,6.73513696979253
3.06563402286696,5,5,6.54175778534428,3.34306730774308,4.21797828669034,4.57733308333284,4.93271468142456,5.37887315466595
3.41303327351687,5,10,7.37335196404447,3.18901067542193,3.92265272246458,4.22812683392179,4.49932883497634,4.85092937932873
1.98088244587917,7,30,16.2673338857046,2.0447735626609,2.38726622295827,2.50483316130011,2.61249293660733,2.75167553187371
2.75813065023794,5,12,10.6550768192424,2.83991227220285,3.45502612724308,3.68240588279812,3.91503204273818,4.23410419460614
4.20999940317688,5,6,6.18658122571642,3.40420210166794,4.28535394557097,4.62772386037932,4.94702663404591,5.30766805497294
2.759980616222,3,6,9.57012601972828,3.27272267167021,4.10698148425519,4.40943554143915,4.70148109297755,5.08810838532595
2.65040333445411,4,8,6.56526168750959,3.43643856827714,4.23727986551379,4.565521407175,4.86669059564568,5.26270106021299
3.06419464152565,5,6,6.11802984459714,3.42430435542398,4.30066502754698,4.66705721276664,4.98494354037221,5.35748447585428
3.51482331753025,3,15,11.9273401782018,2.91076721916938,3.52330405179897,3.76388203097468,3.95068894283563,4.23733215217399
2.52752762337978,4,13,10.4417640874129,2.92655919721767,3.56199883873196,3.77973979395376,4.01301340756593,4.26669349752124
5.77703388480515,4,5,4.61902393470086,3.73855748225894,4.7152038246076,5.09181507031486,5.50589294684031,5.9368383141602
4.31997695653698,6,9,6.2468636045986,3.3113769888065,4.12549176965539,4.43564191988243,4.72280493495906,5.04248604339756
3.55415437514309,4,4,4.78261772683718,3.67894796339834,4.63786548337269,5.0360422328767,5.4287985784639,5.90989530041586
2.88177297997823,6,10,7.83232539053945,3.06905191289478,3.77776234732309,4.06550493012909,4.32317008856503,4.68608867118234
2.71023593705531,8,14,7.15480052735838,2.98071790359378,3.64391902431414,3.90193686473403,4.13273599987357,4.4949158632887
3.34383967639402,6,13,8.21723729766661,2.94914065315788,3.6077211307623,3.84206269033424,4.05957650181633,4.29886725623345
4.64864894688487,10,4,1.96140906454358,4.38786548622011,5.61693453540499,6.14065252559283,6.62548014100833,7.05951282725806
4.20276384805091,4,5,8.15825245635055,3.30960495913467,4.16427239275357,4.48522897186121,4.8265078586937,5.21489279869336
3.55266397675178,3,13,14.1624478591152,2.83654964897908,3.46018761533496,3.6800250837105,3.89492864825537,4.1724460403178
2.14551843436956,1,0,0,3.79515633690146,4.93547160436193,5.33563607705057,5.76552725488324,6.29018058743753
2.72189030090045,5,6,5.4668019383204,3.53402597631274,4.46794688458596,4.80038229710644,5.14652283308772,5.56816190750138
4.03949264383852,5,14,8.36258150533419,3.04232998010709,3.71568053435842,3.96537526929487,4.18971592971586,4.48561001303462
2.8803073172109,5,11,9.29351598130869,2.96879694474591,3.65022034326303,3.89258201294192,4.12680787582179,4.43480551730744
4.06234205130796,6,7,4.68599048509724,3.60947520161284,4.50878392022669,4.8581126831417,5.21584238445859,5.64245024125137
3.14110064460006,3,2,2.35645870547023,4.18289267239142,5.32509472567376,5.76690543066694,6.20000212663532,6.6930117041849
2.36331308215999,7,18,8.19687122087066,2.88049081713088,3.46664108835376,3.67992982080165,3.87364460573841,4.14801572573463
2.95403803613367,6,17,9.00012124239532,2.83412422839092,3.42454619367867,3.62483833675328,3.84529785935479,4.0883830923802
3.01039736839095,6,4,3.9970711061547,3.690534029853,4.68021042284043,5.10647263065542,5.47978637927004,6.01391972258976
5.56854894452405,4,5,3.7033940643813,3.99258512443123,5.01816629035991,5.40658718358717,5.79028301232888,6.33697908577928
4.78472555995832,4,3,3.016899823731,4.05328361979366,5.15322242392396,5.59369029229463,6.01395223464863,6.52166634824786
2.98573649238568,4,10,8.85042971288724,3.1474997919444,3.88243387680281,4.15849605715065,4.43903129118583,4.76724861461514
3.64671286184174,11,23,7.25162171118814,2.75415412309682,3.28499355131709,3.473593724082,3.66024982073804,3.92207774097622
4.35099229086298,6,7,4.44786438234137,3.70368425257097,4.66460109241979,5.02228097118388,5.32664735006971,5.80091799565143
3.41118274173944,3,2,1.68852312073318,4.51451913112358,5.75830682583714,6.25268657817399,6.6613267973571,7.21698510812327
4.11258670417463,6,6,4.48524684126348,3.68491147562887,4.62479742611988,5.02015365383017,5.36714489222405,5.78983709576787
2.95648569676088,7,17,8.7630223414907,2.78888806504541,3.36776374634919,3.57430186379895,3.77680238038137,4.015237081261
2.29779579998213,9,27,10.2991200405195,2.35809104809616,2.77941601565818,2.9344852606721,3.07204224858221,3.24611817262725
2.47407139497402,5,7,5.96605621105254,3.46082920755678,4.32789171212274,4.71151284776486,5.02849218938714,5.39537103421909
4.04560092656704,2,5,15.7415554976931,3.14448800985894,3.93384549264058,4.22154771073385,4.47757610396142,4.84055618732584
3.03425434906672,5,3,3.04679693903095,3.9168017712178,4.99099517434913,5.421289058415,5.8845880167693,6.44035488410056
3.00181469660959,5,9,9.35714311396933,3.02181330847866,3.74133695581427,3.99868177574374,4.24813206824806,4.54387789251988
2.7713052192931,8,18,5.96780930863035,3.24308476706046,3.93184910876483,4.17563618396987,4.4034467557103,4.6900980681827
3.39915802350802,5,8,6.94693802243843,3.28447144238551,4.09004688249795,4.38202419857837,4.64084993968131,5.00483762646999
3.71899993115481,11,19,6.35594994690795,2.95723644272764,3.57804995030516,3.81187284202424,4.01124833405244,4.27209485458248
3.09703546988749,6,7,4.67345080258872,3.64298111519779,4.53766449709024,4.87869372460707,5.23633104982472,5.66732352024048
3.79438976517282,3,6,8.03748553010072,3.3971308924783,4.25926444956652,4.58017065863867,4.91365185838388,5.27411445361123
3.18237691361708,1,2,7.0246243727129,3.76634779067599,4.7678907862665,5.17962241140795,5.6065853560532,6.10477833312229
3.68498991278287,2,4,5.01826572177143,3.85533335742396,4.87995991244587,5.30870374538927,5.67897494000213,6.11145063575884
1.56945339503888,9,46,19.1423665406127,1.67358138522351,1.91686904708511,2.00064174727394,2.08015586162939,2.17083748411593
3.77390667031398,4,7,7.36448940277603,3.31807511952509,4.11799849699522,4.44454418838615,4.75619658691649,5.15399529949573
2.71533948006773,4,14,9.83567879556575,2.9865262531912,3.64021577265487,3.868860490729,4.05659891922541,4.35300491000729
2.15923849528149,5,13,11.9503886311232,2.71618297493037,3.30806932952794,3.52277512165188,3.76144859534793,4.05992399003244
2.66025105115705,6,18,11.7631064443117,2.55666810257482,3.05344226037224,3.2474360721602,3.44185721262206,3.68171780673426
4.75099160956931,3,0,0,3.76901598687485,4.8944711319018,5.3416869965308,5.81468970217436,6.36739617618665
2.58443102522948,7,12,10.5758430497052,2.65904530642347,3.25645408964817,3.47779886231645,3.69342718176047,3.9567909398997
3.15751540259441,8,6,3.69806530439129,3.80847072748435,4.81906753149563,5.20354939964297,5.59504364156296,6.07473563690246
4.95307976455888,4,4,2.88914768246704,4.23009742570979,5.35886841243735,5.82212577471262,6.22373083549078,6.70011000353889
3.01205571837333,7,21,9.3389264637101,2.70487491675926,3.24009430503819,3.4397392373025,3.62064016102566,3.83075957164676
2.82213483901896,4,8,12.5428984821774,2.89185587046529,3.60097964047568,3.85206413635345,4.11147583164892,4.42434743270776
2.88761772967633,0,0,0,-1,2.88761772967633,0,0,0
3.14552974172965,7,11,12.1000211758253,2.53388147339242,3.1244928829218,3.35092297677742,3.55354424300185,3.81881512032192
3.25178557729438,5,14,13.0877751629185,2.62330055808047,3.17168304419532,3.38421375701154,3.56581885459376,3.78928816542934
2.27814753918566,6,21,12.4091141920536,2.42430775518014,2.89954441053239,3.05714011514025,3.20243268623267,3.42543608407713
2.39109604575753,4,10,9.67502572566262,3.05320322048898,3.75583381219678,4.00538467527641,4.24711385974043,4.54391100292216
2.69591145885313,4,10,12.0412567097071,2.80308318823892,3.44923516896915,3.70429728537438,3.8968943876869,4.15858145205208
2.63838653773134,5,9,8.04621479968014,3.12559839617073,3.86145145488699,4.1306323387051,4.40205860359777,4.75503638136976
2.23506116008477,3,9,15.1814218229081,2.85109621503474,3.5116123722067,3.77230455084802,4.01119308238607,4.31652984656744
4.31797124900626,6,8,6.97378005149313,3.2038197772093,3.9964695516126,4.29008540160688,4.593300151414,4.95857665620794
3.27621709372787,5,5,6.82995024194623,3.29457459510567,4.16818644695887,4.49743340074567,4.80638943378638,5.21124450623024
3.65210199778513,4,11,8.23488309765425,3.18122543317403,3.92471377735553,4.19173589676823,4.44584392507511,4.80428249853202
3.68853449680096,4,6,3.89171690076607,4.00011821461291,5.01292354693166,5.37968745353023,5.7412111990279,6.17643072333597
3.53805318797425,9,25,10.0190389871543,2.4432862486456,2.89712161648825,3.06060614126555,3.1961961069963,3.39328371055999
1.74335466527868,5,16,12.8569416455992,2.5924909936564,3.12974891892656,3.32430213172316,3.51647008653798,3.72058243341735
3.19303039430074,0,0,0,-1,3.19303039430074,0,0,0
3.6400531119509,4,14,8.81598217524513,3.09538465736645,3.76736940537894,4.01055133957093,4.22876505913926,4.52226725759204
4.12980108531577,9,9,3.92660722390845,3.7710762094236,4.6997748576851,5.03672840894715,5.40097944827321,5.84987663141686
3.84823726004832,7,17,7.60791938253743,2.94968998319225,3.55929069016381,3.76189856420432,3.98044104740512,4.25774538409789
3.93598497401229,3,7,8.43320487467702,3.34844556997908,4.17000284854631,4.48938121556155,4.75788966172672,5.12212113516023
2.2246277601197,10,31,12.2981410762974,2.11295851836062,2.47116662094128,2.59398003092714,2.72570032302462,2.86529893489506
3.0282659758946,2,6,9.9691981526039,3.39334283104837,4.24723249243093,4.57676930532848,4.88057478514199,5.3056920280169
4.22440015934982,7,8,5.55431146403095,3.38200986313231,4.23463262540638,4.5247865689543,4.85279685391714,5.25270798486258
3.29061443352568,4,11,7.00823670448461,3.35972384165855,4.12383174866716,4.41018018624364,4.67588825745673,5.02633109803724
4.68153514131196,2,1,2.98648951783737,3.89823619649585,5.00164577368421,5.4202908572132,5.84411477737254,6.36502463760321
2.4140556107537,4,12,14.1759515270891,2.73678462690105,3.36516304182883,3.57821799784437,3.79660329793258,4.07713534143585
4.12646765479721,2,4,8.88623847679875,3.48410187798984,4.39299018626695,4.7234581380102,5.05491060444565,5.43617514357454
2.27371378362208,5,2,2.98235668779713,3.82893655991388,4.94235881350737,5.37773371340797,5.79529411861533,6.32734404068945
2.08468392259673,5,11,14.5557658874762,2.62447032424869,3.21268531067997,3.42273334428485,3.65863240594467,3.92997186353717
3.34501781494719,6,14,7.98536970919742,2.98161961159888,3.62793861782207,3.84881792643289,4.06252093281373,4.38360468793781
3.28471996849237,5,12,6.53561941270034,3.33934825445766,4.08073083513512,4.35664369275375,4.61351858784659,4.99978726474138
1.83594164647661,11,27,13.7970968300235,1.98690129499518,2.33430921921425,2.46910387974899,2.58664934334253,2.72893960604433
3.41816758888205,3,1,1.38482003465482,4.27014869620878,5.47494746158961,5.95770987129713,6.45098993015754,7.10034554454213
3.17527290307808,3,3,10.4373440559518,3.31934387516265,4.21382769841369,4.55112449485279,4.87265456586884,5.34303939754915
2.76996010850735,3,11,12.0483940090664,2.97418704890777,3.64485950107163,3.89964250014666,4.1485813307275,4.45067155803153
3.07937608897394,3,3,5.21578153197095,3.68665861838641,4.71018829011717,5.10590076098603,5.47603587102662,5.94426533727565
2.47023339908223,3,11,11.713242768065,3.03135632373303,3.72399762296126,3.96853581617173,4.20195783834595,4.52858864361763
3.65707369742816,8,8,3.57180509365225,3.94166011924336,4.92463040966772,5.29473539030885,5.6683307908575,6.17326101169586
3.06094604389142,3,2,4.26942606916362,3.75355305065475,4.82379918172342,5.22173097147121,5.64018327409805,6.12210615478784
2.87124023385747,4,5,6.1643405102932,3.48589203241101,4.38130721095426,4.72803254159573,5.06774081302876,5.50561481153375
3.30769022464057,5,10,7.7266408173491,3.14554986826698,3.89923116888367,4.15165400004682,4.40709360944779,4.7186942165746
4.00021881511762,6,13,10.3561650586067,2.7658042100332,3.37204346718371,3.58369200275237,3.80655446565075,4.09402878347578
3.16517267970214,5,12,11.2927390158716,2.79171457935815,3.41978752536288,3.65207117133362,3.86572800453884,4.1163414370148
3.00546218838646,1,6,12.2923560664774,3.40527102297359,4.23757343543692,4.55951063417651,4.83176249167072,5.28152477069319
1.96382842578608,10,19,10.8296891728533,2.39967508682653,2.8923498644064,3.0731626580359,3.2448937483445,3.436056314476
1.89593370512976,6,23,15.3647400285971,2.25306951089368,2.67335642701379,2.82180104382251,2.9534588711408,3.10473189274598
2.25916329866549,4,18,17.9943989342826,2.45020742720639,2.94208948891787,3.12336654727691,3.28744965702007,3.47703705722149
2.5526183869376,1,3,10.1328859754275,3.59187544849721,4.5315931925805,4.87919483309183,5.24969948283425,5.71815045213025
3.55445337271397,6,8,7.48914116910884,3.16400085586822,3.97239371920094,4.2561480471041,4.53679512977155,4.90629110719206
3.31645305098258,3,2,4.21289007038131,3.77048625384438,4.80317319047561,5.19354525890452,5.60102200817009,6.13038964284124
2.90751214657287,8,8,5.86852800137865,3.24776160839417,4.04680320000732,4.36542385054663,4.66169913753204,5.0173096472297
2.75779608069121,6,19,10.0159729924157,2.71001115041435,3.25221471559698,3.44454323517946,3.62500245530551,3.83679642401294
3.39428204094028,5,7,5.36268505136979,3.57650417099117,4.4645718349482,4.82851134704228,5.14706762845192,5.59670940689415
2.91293376230147,5,6,11.6060708583749,2.96331256964491,3.73218136945653,4.04262047206614,4.33265388677738,4.6990387501599
5.63644348251968,4,4,2.7199054791248,4.31310947792869,5.46472745797653,5.91156614486284,6.347043667201,6.93949406522623
3.10545686122492,8,9,3.87670457907195,3.82658757645149,4.77102572888268,5.13208911682244,5.47282339860572,5.93466167705407
4.38932902672292,2,5,10.090169074788,3.40143429439316,4.2715149683586,4.64225676180224,4.98384983097422,5.3469234326666
4.00798334364614,1,1,2.66579124215123,4.08023582094234,5.22188681720235,5.66954797371401,6.13161965422073,6.6968441352095
4.24648936029849,6,3,3.10896797269624,3.84772028769689,4.93132298217973,5.37715376149921,5.7674024160392,6.26184319985536
2.73786263621817,7,6,4.49334787948774,3.57346833288127,4.49392970464752,4.86260879125169,5.19724000687896,5.64252737460754
5.0121488736904,5,4,4.30905899073418,3.70852830926311,4.67742662461733,5.08620263066611,5.46114360431228,6.00099558388016
5.51106824809957,1,0,0,4.30124452756399,5.57680179463761,6.04820782666632,6.48378452618944,7.07447311347931
3.4999901428436,3,6,6.21841896136899,3.61057377834783,4.51697616552774,4.84030927336448,5.18822487195312,5.61695135887003
1.90371616814708,6,17,17.1269473962629,2.3088017369651,2.79714664257677,2.97719710038477,3.13116352024255,3.35596007091098
4.05688092179204,2,3,6.39329388747854,3.68867663479163,4.69050171686207,5.05310225164931,5.40921005207597,5.89083631094296
2.29062716828262,9,34,12.1332852724022,2.12951973647999,2.48460316247376,2.60932297018789,2.7276170907163,2.86068205112227
4.39260128939987,5,2,2.55617653415819,3.93622921370718,5.06829652737692,5.48772422600608,5.90069597419023,6.45785844703298
3.06240483232593,4,5,7.66232633425812,3.33038818598122,4.20628354781879,4.54291739472335,4.85235730617047,5.29676062108799
2.78512726935661,6,17,12.3249388777976,2.54383506616631,3.07611572598627,3.26817869735784,3.42141970630445,3.63578468077857
3.38590617965533,2,6,25.8895796747221,2.91649864539769,3.65601522824499,3.91572866237073,4.17718283341201,4.54909628476596
2.20519178197546,3,9,15.7784881842694,2.85472627363806,3.52558109114642,3.77677758361236,4.02236036447064,4.29764779482063
2.32544110724423,7,6,5.20013952089013,3.44487059767905,4.34295493768521,4.70293691410473,5.06915078491786,5.56662827604532
3.43764271041053,3,8,6.33424845415004,3.61284028085635,4.4768842435957,4.85868655422589,5.15567783386098,5.52613888044129
2.47253778974847,5,13,10.4162550679691,2.83796693985024,3.45825257514378,3.70859413517109,3.93790832200019,4.1990395225067
2.63169937644432,8,12,8.35828928854445,2.81991580019032,3.46998082431588,3.74200041740004,3.96382697517506,4.26676343683166
3.86980973360509,6,10,5.72784810337215,3.42941770549479,4.2424659070476,4.54363054757162,4.83306951202303,5.19467053620992
3.80802723726698,4,7,6.14332484991972,3.51723151512325,4.40633090356798,4.71622324727439,5.03886730236772,5.41039960617823
3.2908901278987,4,5,6.35118970103796,3.49554145206971,4.41863048933443,4.78133195156899,5.1445698074811,5.52112928230527
2.84745839666372,4,9,11.050932657447,2.99900230148874,3.72127292477989,3.98031113600521,4.23034675338392,4.51463063633405
3.32088635588585,3,5,13.5916026827746,3.1242809404297,3.91557080923476,4.22409135594576,4.54121003792181,4.8911398453714
4.17615074306361,2,0,0,4.14034399003225,5.3526623979583,5.83980933726297,6.30153692473217,6.85964742576396
4.00773831023109,6,11,6.25887016847477,3.30473065797742,4.08459543824916,4.37428086802272,4.62179846209347,4.90933801267749
3.26648136888567,6,16,9.59349710084542,2.82486393621578,3.42252214311041,3.63496858852683,3.86568440562414,4.13749583762817
4.56623305157393,3,2,3.08900910862607,3.9756648661786,5.11769347607074,5.52936157849924,5.8827524696149,6.40718171080029
2.51049326820806,6,22,13.1629393378168,2.37396338179498,2.82897691776165,2.98002715742628,3.15063402830633,3.33545598235103
2.49897801283417,7,24,10.8715404950182,2.47555099170228,2.93900916047252,3.10637852531693,3.26087338825286,3.44200282260186
3.24518492004685,5,8,7.43993221682407,3.20561363012284,3.97247678362558,4.28196185480121,4.57266198918004,4.96989389854413
4.58634597479486,0,0,0,-1,4.58634597479486,0,0,0
2.8257377713388,7,14,7.59810149597545,2.97831628481523,3.63422486880438,3.89566450706933,4.11363087935635,4.37730804720993
3.57919857278441,7,12,6.1257954490355,3.2554678091231,3.98286633622767,4.26123244403872,4.51613756763113,4.84140605091814
3.11436655401468,7,7,5.43116466295285,3.42189764278793,4.29661531822322,4.64929009292708,4.98756816991281,5.38504814118077
4.14502462348381,2,2,3.63872945605131,3.97385405511468,5.0616991521263,5.49217883283934,5.92405090498972,6.47095656349411
5.29767475807223,4,0,0,4.30851506309685,5.56174536062958,6.08327380620939,6.53285796838402,7.15976028294307
2.9247780911669,5,15,8.36794759296332,3.03556227939699,3.69065447789831,3.93014025225936,4.13952817613858,4.40885525591029
3.00553200551865,6,7,6.84811285369399,3.23836808761772,4.02951528413157,4.35187498569057,4.66542179628104,5.06656587618338
3.40621406619867,4,1,1.84399155291054,3.95448306986391,5.08578227437516,5.54593494825405,5.99557242868742,6.61352007566267
2.91203507219299,3,6,7.58071581002511,3.43953219309102,4.30986495187669,4.63018981630893,4.92878590858786,5.32998934084612
3.69635701175593,4,1,2.68237064946244,3.73451924389902,4.79309604986669,5.20229724668445,5.62771883466042,6.19897060672415
2.73439886315646,2,6,10.131204728841,3.36377997191927,4.21008573260154,4.51751237366634,4.79793824328162,5.11600010164107
2.07980352524389,7,19,10.1665815852522,2.59944212982993,3.12149286810778,3.31459903827215,3.48562841225545,3.70836288059384
2.09507472953017,3,11,15.2484281333265,2.83008620736162,3.48799607035657,3.72460363323322,3.97377960398903,4.23299097119211
2.88329808812349,7,15,12.0900487472318,2.49876655061751,3.02593542657339,3.21510062557096,3.40893128763531,3.63525146233682
1.97210054716425,6,23,11.6573392587148,2.55192973312202,3.0258252991315,3.19976255377159,3.3607521407135,3.54590914649791
3.4929130742229,8,7,4.40120362249303,3.58218975463485,4.51649726829899,4.85689398631269,5.21090580682239,5.65905247012626
4.31299723604513,5,6,3.37523602017132,4.08730571033295,5.12274757441105,5.49083498598442,5.84122989558413,6.25310561328899
2.03128795136888,4,11,19.2206184755482,2.5719900545116,3.16005414982124,3.36616720460031,3.5888964695339,3.83287275383217
4.42719472018803,5,6,6.24438531405093,3.40721445198315,4.28369122580135,4.63674958602545,4.9671814591217,5.40991232360799
3.68244801951863,4,11,9.42692807646255,3.0450502832374,3.74618698617311,3.99307611128633,4.24925910672579,4.52999777560706
2.96126630723549,8,15,5.93001477947197,3.25239950571282,3.97481878140994,4.26815364507697,4.49109779469702,4.77098139387088
2.2065346362721,7,20,11.272019341177,2.52779444688066,3.02188376461076,3.20882302294842,3.37288441484193,3.59966192210455
3.40357268015165,3,2,3.34709328917269,3.92897328412146,5.02421760671002,5.44647431503004,5.81281509052785,6.39152596265058
4.21313627085945,7,18,7.64299845967629,2.93581958351505,3.54235879632708,3.75516939376147,3.94855770835333,4.19579373831213
2.38853896492001,4,20,17.3671343614531,2.47835826140031,2.97852618780753,3.15727948947677,3.31433829652165,3.54125805071619
3.28847816195208,3,4,7.71675816893016,3.45867469878141,4.3886225016658,4.75767439331343,5.08440584050067,5.50970474593556
2.73340802824861,6,39,20.9428542698741,1.87128770208559,2.18123715121797,2.2852465004501,2.37017863567946,2.48784442065858
2.83266293816881,10,7,4.10367521988548,3.5519386403725,4.49016368763515,4.85021920298525,5.21409924189803,5.627759678722
3.2323258420182,4,5,5.38406065360958,3.60261128467663,4.56159868558296,4.91774240950824,5.26394737311812,5.69838499018137
3.35098190677488,6,13,6.43681758656844,3.28945732494217,4.00787806761101,4.28583758077042,4.56924389648118,4.86687028882185
2.56730270398336,6,4,12.1762196908471,2.91090078496144,3.72012911631021,4.06728191475328,4.38380843176997,4.78865068653449
2.27982400345432,5,17,12.2723416952518,2.61093016554463,3.14438211808133,3.3366914489125,3.51592634104131,3.71850870835191
3.70457811481123,2,6,10.0843711214306,3.28970758782735,4.1079439589263,4.41607729747948,4.72991741149478,5.08893065920442
2.41313906689045,7,23,14.6309897013354,2.21415748764083,2.6236515024147,2.78075242750489,2.91649142288532,3.0912277054966
4.24417092893495,1,0,0,4.02410561706656,5.20358900563709,5.64475197321745,6.04646662483846,6.62401188889549
1.96171949435668,5,11,9.67258682287094,2.98798497936168,3.66960756275498,3.91505505957112,4.17634069331201,4.52099334165265
4.03915133742709,4,4,4.53793419721302,3.73252180982603,4.74130715272526,5.15810407929895,5.52691300660048,6.00768970571013
2.15084874415018,4,12,12.0743124379146,2.83133768583506,3.45472105107536,3.6764801121595,3.90815744948697,4.19064100505868
1.79376793771318,7,31,16.7570198317329,2.01720284352752,2.36633935104532,2.49134137052677,2.60252796242592,2.73717698224107
3.75151137105856,3,7,9.07049552681099,3.27519556812169,4.06211925843767,4.36909381380336,4.63347453214384,4.98113108683656
2.72006264557415,4,13,10.2889660387944,2.97320782943162,3.62681962054142,3.87268213550285,4.10123404666523,4.41613071843919
3.45971013981677,7,7,3.66500596529754,3.90072779965162,4.89591910401813,5.30109811297908,5.61944271662296,6.07469823955281
3.69391671914915,6,9,5.37652113996999,3.50164127807512,4.3579087003645,4.67529889493325,4.97338884861806,5.42058006650932
3.64019040588659,7,5,2.3133647254205,4.46731101363702,5.65911264727335,6.13371889002565,6.573373740678,7.11169806806712
3.02647508727063,3,8,13.7298116758648,2.95821848346221,3.65265342691324,3.92981525989729,4.15677959927907,4.45354875369662
3.5758482856425,5,9,6.65782460669904,3.30197107388173,4.11150769427511,4.39507418010458,4.6877292772838,5.04322629565441
2.21474841333288,4,3,4.27058527759899,3.68192238791065,4.70215472300219,5.08404405602919,5.46122033772437,5.9350696811895
3.808865578406,9,23,7.36830580415021,2.81704936148869,3.35918574322103,3.55413867947942,3.74311760376033,4.00873159469287
3.68283906530586,3,4,4.2826972874506,3.91219390430715,4.93946186515598,5.34579619835417,5.78114701474679,6.29616041845567
4.59244079354034,5,7,5.27804698821478,3.59080718272928,4.49780118630914,4.84676821562248,5.15156734115669,5.6002972304489
3.68835200744075,6,11,6.9175275703691,3.20729991476683,3.96889099625162,4.22052047561901,4.4912111151788,4.82757351024892
3.36119924551542,4,3,3.03671165446124,4.03911412806006,5.13051095224325,5.57951244056643,5.96011929073376,6.50625001512797
3.31221521158325,7,10,6.03089211040262,3.277734210822,4.0591203220939,4.36414755482427,4.64461914051723,5.07195693398843
3.3135314700279,4,8,6.80644831868358,3.37918830083803,4.19191977229934,4.49603164609716,4.79894906454687,5.21674329564379
2.16574055716375,6,32,19.4722749591995,1.98421320473,2.32498110465917,2.43765463862487,2.54981828157811,2.69481045556796
4.62234260340825,4,3,4.99509302820934,3.63172685837028,4.62798442737302,5.03794592995796,5.41411804778061,5.89744473327741
3.22422694051316,7,9,6.43888903834091,3.20735322966528,3.9770114991708,4.26208272086701,4.51046100360887,4.90270064734162
4.01761579199643,6,10,6.69674172350415,3.2863669112042,4.08370027423622,4.37077339161753,4.66019771507584,5.00905070570437
2.18436116642088,10,14,7.7311006526214,2.78985001654002,3.42010137686442,3.65848272536402,3.88722420407413,4.17931617971501
2.30315286591614,5,17,11.9879720737384,2.63226319245821,3.17425550945912,3.36744979840362,3.55643807742293,3.75183811300553
4.15564926845567,2,1,2.05125466473937,4.10652011698833,5.24448129279062,5.69082958294211,6.17245272700027,6.73443732796973
3.6622150065717,5,10,7.53016678655873,3.17379027219648,3.90255580733063,4.18003037065436,4.40982046300864,4.70653510525671
5.157217853287,8,9,4.30154615229017,3.6913475069863,4.59038210221749,4.94867822000852,5.29490760529298,5.76852267385919
3.37194929477028,1,1,9.15876431232475,3.70365138688101,4.77637622610227,5.1631163892909,5.54602303874548,6.11045550600789
3.41437802897607,6,8,5.43048429688906,3.46414414665943,4.33651337738376,4.64107084340409,4.95863063558535,5.33439637895102
3.8743336270396,3,3,4.30724633233953,3.807260242211,4.83751347965625,5.22717841714502,5.60704223900458,6.14365094341853
2.63540195828549,13,9,4.81076704559093,3.29349649860287,4.14202379679923,4.4926104495671,4.78618552085835,5.16345022752512
3.73448405821661,3,6,8.05827871048917,3.37738811165867,4.21878443481494,4.56079170569046,4.83609681594524,5.25306384070233
3.38987317366801,4,4,4.10660920905075,3.81588254424145,4.82363374115545,5.22874859760834,5.57534544985577,6.07278869244406
2.79846939900986,6,8,9.71646202449998,2.91722179943112,3.62964175185328,3.91060906561776,4.18572035909901,4.5016385265825
3.70647075667727,6,8,4.19704660147151,3.84331179440957,4.76925907521784,5.13688241054557,5.45624161084856,5.99819152212765
2.37366604489893,8,21,9.54824292725111,2.60861352792627,3.11994812742545,3.29413379513844,3.48623060377136,3.70617925773145
3.06307902105562,1,0,0,3.90257480146959,5.0257366224578,5.46340472726762,5.89417475074009,6.48770725374867
4.03312981844468,5,3,3.55907211997338,3.76661932362422,4.80663756254625,5.24192562466084,5.66757192826503,6.12189709281982
2.71881413309518,7,9,5.67388193422735,3.33658674944146,4.13691775301291,4.43930610489131,4.74350975442921,5.11111301846216
3.63949589406222,4,5,7.26686244007504,3.36183570241377,4.24462873580078,4.57634248034639,4.92491725318142,5.36665437591278
5.8228936530396,3,1,1.99667829978226,3.99969138853008,5.13191295767375,5.60628554145411,6.05840255132992,6.55392124835983
3.26512729187226,5,6,5.2465357708349,3.58063340615311,4.49520164345689,4.83912427191813,5.15986782713217,5.53304139803993
3.48101969893771,1,2,5.02606244809686,3.89215055748437,4.93475215794358,5.33918113442501,5.71021921762948,6.22659338283076
2.15640420913821,5,26,21.139005989091,2.05336725968638,2.42497522640405,2.5547380026864,2.67546225917319,2.82475979664809
2.80741405979266,7,7,4.59213620919811,3.63637874126933,4.56970836001551,4.93863169872914,5.26758877219167,5.75988892302225
5.02510461030178,4,2,1.84913523077376,4.35009767426007,5.55808780419154,6.0370079108017,6.44633093849951,7.0391465894704
1.81031680471788,7,38,17.6022977244517,1.92501470781953,2.24705103879827,2.35658114704457,2.44973257485705,2.56258614810232
2.20610150635395,8,28,16.9850254087124,1.92480130510642,2.25561053845985,2.37442288771562,2.48547008427965,2.63962183878734
2.89668067084753,9,9,4.62035524745217,3.53745271498411,4.44784457184777,4.79068077218922,5.08155115552685,5.51669233194862
2.13408362991057,9,16,8.68613283897692,2.6610826550427,3.23361048613147,3.44305892336925,3.64114752081205,3.88539566098777
5.20438178674691,7,4,2.20314256618703,4.40895239626962,5.60894043073904,6.06500750740279,6.55869780885935,7.12161351003699
3.06171589046081,5,11,7.83345582248602,3.14660263864122,3.87451653089723,4.14057349632789,4.42864782280086,4.78790546406125
2.62004358496114,4,8,7.42503479167457,3.29938902989278,4.11105322448706,4.44333439801658,4.72426109509668,5.08931975619928
3.07887771422255,2,5,11.5622925840395,3.29736810669539,4.15451665707263,4.46827298277734,4.76236645330563,5.16230695161405
3.95355119747961,9,8,4.96519404251202,3.38675679578897,4.25687421785237,4.58570553765359,4.89133575023086,5.31025009892455
4.1106666975818,2,0,0,3.77349445983485,4.881927044273,5.35505960747504,5.77405443218714,6.3387091826524
2.35564481613071,5,12,9.11717116230954,2.93951466100343,3.60636802779609,3.82618323664739,4.04819576374814,4.38210955101937
2.89494233175368,4,11,11.4593478548796,2.92832002031161,3.59011197077747,3.82715511175,4.06900803483465,4.31940626285878
3.29318503194387,3,7,7.74601421224284,3.42512604347109,4.27388045707944,4.5906784296861,4.87477133299637,5.24750781906314
3.48879328103932,4,6,7.7142477550438,3.34763131720686,4.18885737052573,4.49000936159995,4.85421601903824,5.32754490128868
2.20914286723175,5,15,11.0337359203624,2.72326196149617,3.28274191487068,3.50485416227316,3.70023165516481,3.94959067527938
2.43774805669257,7,22,12.9613457321808,2.34673431839366,2.80063705306456,2.95609988279206,3.10487661730856,3.29064621177708
4.45491296674716,6,6,4.3587181603586,3.71706013341786,4.66648831361074,5.05220325033496,5.40680423699746,5.83412739085311
3.08128232217402,2,6,10.4945527318428,3.3046651677528,4.12886566160043,4.42363598384366,4.71291682960094,5.0669646321238
5.25043915769377,2,2,3.36186741701383,4.00545493497178,5.10874186293973,5.52203150473758,5.94760858739629,6.46969241000495
3.51309984522684,6,13,13.1478156548968,2.5501423404254,3.11806477816331,3.31698082633323,3.51743105944852,3.76018366534118
2.92229323355506,3,1,3.11805313628374,3.77545076136403,4.83976337274092,5.30034267055267,5.73060094547004,6.29490831544644
3.7295672834307,4,4,3.85007277252324,3.88222892719421,4.90771195200524,5.31611566126134,5.70192264836526,6.29181032278123
3.02949667705731,7,17,8.16605373623829,2.87754362554387,3.47278058241877,3.68660145133945,3.89512398575893,4.15766030397007
3.17260107160921,2,0,0,4.32306924256551,5.5844242661285,6.13776246464777,6.65823676546396,7.25552616381984
4.58830742792875,3,3,4.22972429435443,3.81240271525427,4.8592528970145,5.24916628525848,5.60192010723214,6.1391640340598
3.44531953990488,4,6,5.27648777187504,3.6657864036477,4.58655398037584,4.93178832872957,5.230576822877,5.63699805689408
2.29890685429212,9,20,10.1803639709336,2.41630776662983,2.8877524773141,3.06630189297211,3.23411237147594,3.43621179008878
3.08580137816886,3,12,12.9983691989206,2.87961772761369,3.53003815887505,3.7699112508663,3.97306209834726,4.21530478014822
4.10456261953309,7,4,3.31998132738873,3.84367942473227,4.88149212024606,5.31630164856269,5.75338150528966,6.42366047899039
2.94833576163555,7,17,8.46355798717572,2.8327737284694,3.42055890098346,3.62604472831609,3.83258366917791,4.11529796510318
3.26969187851836,4,11,7.43240135032638,3.30376165876485,4.06654549050091,4.35385105048923,4.62900292203159,4.97554438488278
2.33436519432379,6,15,8.44336388659044,2.94246694568908,3.57515647066887,3.81158403491457,4.05191155322787,4.3408968153877
2.90733836531853,5,7,11.0633421191025,2.93316437438044,3.69043034763038,3.95937690555641,4.23564775684325,4.56122475712282
4.75089587365011,5,2,2.7911773785131,3.85239755653196,4.96477607182496,5.39664965611283,5.80130326232576,6.32650704156136
3.04246590655503,4,14,15.3329412170888,2.63438086731581,3.19896377434873,3.3978607724737,3.60922392235021,3.86175813612768
1.64492697932618,9,30,13.5433262215937,2.06608271763556,2.42158985296882,2.55167938473807,2.65711959272072,2.80334751497138
3.83368125926466,4,4,3.09188412567698,4.16598190989246,5.26626660614132,5.70130868412262,6.13635007401385,6.72443452961715
2.4435235737188,5,10,12.8813470215429,2.72281665434294,3.35910565840426,3.60815984711877,3.83197820413642,4.09241828188926
3.27901452454872,6,19,10.9049685540071,2.62393672388325,3.1433333992879,3.32974976192588,3.50951211874413,3.73603253802867
2.95789569737931,2,4,7.97552310091439,3.52432929934623,4.42478783383288,4.77331473307531,5.12508016797403,5.61567024560267
2.84272468666254,9,19,6.43976258738056,3.06087791586273,3.70462252113869,3.92185767101048,4.13896337924495,4.4453163840748
2.32177046268849,3,16,16.5627628924591,2.65816768545554,3.21805502968349,3.41599498725923,3.6126773789114,3.83720999849956
2.62489129022952,4,20,11.7996063868664,2.74089776399592,3.28693390192274,3.47474638403638,3.67295718497847,3.89291542736471
4.66966203715826,3,3,4.25985130033335,3.84252393511131,4.87897281246767,5.29951559536931,5.69585300713664,6.15648112501526
3.34726568271095,3,7,9.15536105905347,3.27000660116097,4.08704592719585,4.36596917629369,4.65995748105921,4.99530738706164
3.82403826947044,4,5,4.77628376430824,3.68897097935514,4.65848113464854,5.02533263654744,5.34381123875645,5.74759709300565
3.34922242794909,4,13,12.0252364584286,2.86343242971343,3.48999369707111,3.71053687565123,3.9151137270753,4.23126525256498
2.87604262431,7,17,8.36727470912316,2.84977836834991,3.43958724612142,3.65411526915963,3.88096157390902,4.11129638523643
3.53145069558672,1,2,7.60158071414146,3.73932939115029,4.77856681363848,5.18626053733904,5.58300865137674,6.10037035867292
3.88297393305533,5,3,2.93344513817673,3.93496595148261,5.02867368923175,5.48294332743062,5.92065527837083,6.44446899309216
3.33886966910346,2,1,3.11813378960451,3.88353751491775,4.98511998419222,5.39586606427184,5.90299155185694,6.43870657593069
3.01941307287865,8,17,9.79191922761611,2.59711621004716,3.14315713086784,3.33771571117378,3.51849198741056,3.74825525166971
2.28967193623954,5,15,11.2381260241912,2.77414221331046,3.34727660386615,3.56197625559354,3.75898686581207,4.03037792713156
4.00746138231062,2,2,5.83123916023612,3.70803127340576,4.70429318520441,5.14217547340105,5.48197559511249,5.97698256140391
4.11196557339645,2,4,10.0848400748035,3.41759547483777,4.31054431522067,4.65216230527897,4.9600475447024,5.41774562665648
3.39694953267891,1,1,4.50623507784836,3.87952031845063,4.97251613685653,5.41302253881249,5.85113787231742,6.3456850955689
2.64077963380088,5,7,11.0595251716806,2.90863811925376,3.6464622701319,3.91696818449915,4.17707399929118,4.49002118330311
4.39123448834341,6,3,3.04468751961705,3.87064969623565,4.94443603581748,5.38065988168901,5.81945020581007,6.32015746483891
1.53316360789434,8,39,14.9301117516623,1.9777568474985,2.28751752515249,2.39449810680039,2.48502031943083,2.59813743798263
3.27358856685914,0,0,0,-1,3.27358856685914,0,0,0
5.39955574164535,5,6,3.94787127770888,3.90800742207277,4.89630904732544,5.25787485193323,5.60732925147616,6.14744079763485
1.7429275967238,5,16,14.7001158155265,2.48776977438715,3.00659153628812,3.18349785023319,3.35173364616613,3.55941921171692
4.33271820733771,3,1,2.37665293376821,3.9035325340514,5.04464413301757,5.4951534363418,5.86059384046405,6.35602666208024
3.16238033914892,8,10,3.97329547486961,3.84387040375746,4.7920814751263,5.11644907451795,5.44617459203732,5.86141765379006
2.94757935806936,4,6,13.2171858102031,2.94322524259789,3.68664127489454,3.9617610283282,4.25551537975133,4.60225542990724
2.2009790401056,6,18,9.37819956544407,2.79442048542658,3.36440285129012,3.55913335910371,3.76246829601753,4.00443387539716
4.67489799256696,6,4,2.58688939981808,4.18337890261495,5.33600850550879,5.7634132215757,6.1579385958569,6.73668186180636
4.03627928548383,4,4,3.93440515985871,3.87883673531555,4.90865026047121,5.29011407990753,5.68893856603987,6.24702800689809
3.11018010721555,5,7,7.26099042347891,3.21279061328934,4.02000269595129,4.32582338992124,4.6051886461204,4.96117881314424
1.7573365030861,6,31,19.8107431371703,1.9813254828878,2.32174133415452,2.44419129859034,2.55840041488955,2.7008581550297
4.24029841498948,3,4,6.77822303911897,3.53358100060367,4.47767348358292,4.84619397236998,5.16375549934124,5.62340811579118
3.05095208349322,4,14,15.2066628740991,2.66086668379667,3.22909564158968,3.43640363813351,3.62292492219574,3.8922506978084
3.3201803283391,9,22,9.84489100646646,2.48533603601704,2.95279044604851,3.13069650119403,3.26911091861124,3.45573501749138
2.43872797142696,2,16,21.0583906795286,2.62130195055827,3.17513630027189,3.39026282366057,3.55755525685247,3.81614505873626
4.29127399261228,3,2,1.90813626340641,4.40106419394426,5.61738092763517,6.06894321315252,6.51688590779049,7.10730222263131
2.14785447993653,10,30,12.9140103880121,2.05976315878181,2.40842302154518,2.53694957873951,2.65341216401672,2.79646399940878
4.19319714412351,3,3,4.16210218273148,3.86802986095241,4.91524844955153,5.33248838569734,5.74353781907031,6.1635108034303
4.41354119740309,6,5,2.81280756195418,4.25150785183167,5.37700975316567,5.81824778086546,6.20815964874612,6.67082516058334
4.68230529943427,3,4,4.26957888317075,3.91180280729899,4.93705684462374,5.31295693928843,5.69454452146863,6.19007981761886
3.9478037906458,6,6,6.14272230381021,3.32922588286475,4.20736723676808,4.55179395790852,4.8804279929397,5.26582983367027
2.7965336137392,5,6,3.56448999834928,4.02133779004534,5.05938184318423,5.43182392756202,5.81163740665241,6.26283272180219
4.01289510687211,1,0,0,3.90564412439814,5.02235934610254,5.46253071986497,5.91160924301084,6.50503773506776
2.03298167230299,4,23,23.5046435475219,2.18993528947296,2.62129919414079,2.76858480959717,2.91368507310284,3.08065403297974
3.02715726706435,2,9,9.60705155644653,3.31511705181919,4.10699647396679,4.39013342597665,4.66854625644117,5.00099121597092
2.15606242855395,5,12,9.0757144529058,3.00919711935562,3.68622573185628,3.92065274351233,4.15112750316298,4.42412882277965
2.93039721071856,3,3,2.42811891293372,4.35365704779595,5.54931428249522,6.01368773745665,6.43758670821408,7.05404910112658
2.89859846293915,5,4,7.61902703262001,3.25960193237329,4.15894173137028,4.49679947808034,4.8193555902792,5.19050814628729
2.97938943221638,4,9,6.05880827644462,3.53170310515977,4.3703645950802,4.68572706159726,4.9910693752873,5.35661236138149
2.865518036812,4,5,8.27038268901166,3.30269232037526,4.16008206594152,4.50490256286666,4.82295901690039,5.33047714819385
3.30988439052594,1,2,8.02409834867296,3.69950477200699,4.70845541596742,5.11646535017857,5.48760823468884,5.96511779627145
2.63338695410965,6,17,11.2671768170547,2.60319385718181,3.12856653957667,3.34148093591699,3.52896084373387,3.79564371034546
2.73859154657554,10,12,5.62532996106356,3.21930038482403,3.99998933132339,4.30259891518511,4.58570833823443,4.92702441693748
3.17332905424414,6,8,7.2715944754914,3.16565759104025,3.95688184801151,4.27427670061721,4.58011178963987,4.94941696694607
2.16468654981994,7,26,15.9795821459097,2.0786535116046,2.44901133188876,2.58801219132534,2.70222615485445,2.86966634028786
2.93539805923266,6,5,6.81193515678614,3.2443948657413,4.12376900747781,4.42736494524307,4.76263566623296,5.22531854971845
2.15142885084904,10,28,9.44909562419638,2.44793056455379,2.90054421929524,3.06398139648168,3.20145125085439,3.39864486636617
2.56525490418852,6,15,15.0992781414613,2.39926866737471,2.90504065212211,3.09878069311451,3.26406812120157,3.5174486476005
2.94416764848402,3,15,12.6427338831743,2.84560618596242,3.43543776396338,3.65551965386721,3.87446237638852,4.16167125767667
2.7029571590796,4,14,10.3194712513827,2.94440087478008,3.58594324366824,3.82470133350423,4.03156228467721,4.29686139469791
3.87235883172362,3,2,4.70485029841103,3.68130671095823,4.74489527622418,5.15527469676889,5.54241212719609,6.01279855644769
4.9325415939958,4,5,7.70754971766614,3.34243868384254,4.2150673924264,4.54587114892692,4.86181470146352,5.31901139248977
2.41968397792886,13,26,9.14336536200664,2.36226702722776,2.81390261617786,2.97068579784769,3.10431301491236,3.28671935724599
2.87892896222694,7,16,6.6654252126623,3.14316000301378,3.80355703645808,4.06423320640944,4.29305618410065,4.61198708122659
2.02946182661018,6,19,13.2712066370291,2.44679719916526,2.94711587673198,3.10855191292011,3.26876859430178,3.47978982089465
3.58512580218993,2,3,3.92472037328351,4.00397299794697,5.07150333441164,5.49890808392382,5.89916779084954,6.36211114071118
2.84413556504604,5,13,11.0098572843396,2.7514838774359,3.34896150415336,3.55125565630955,3.76616811603132,4.00811028449844
4.13610861561432,4,4,3.83467444888866,3.91675811518749,4.97669145295389,5.34457611428237,5.70821014593658,6.21623888646856
2.82379692765728,3,5,12.8666638188177,3.16766526335669,3.98632824649738,4.3031439542671,4.6044766307402,4.99415128614772
3.31116001907021,4,7,6.42275829295648,3.49123829421503,4.37721408880416,4.72137663985789,5.01020209050393,5.46417497134809
2.66611133107393,3,7,9.81182073446099,3.27153499107187,4.08208671550242,4.41271832377352,4.73468529677843,5.0862015132276
2.27464288476828,8,21,8.58826707538354,2.68569251229035,3.22255195736506,3.43984274334211,3.60913382958296,3.82081930917009
3.39935156331082,7,11,7.87577268868485,3.00482585379712,3.69376670540019,3.96810765353546,4.23532308587299,4.54222631582792
3.80727492482306,7,7,3.42488748288527,4.03592312406752,5.0836919869055,5.48581596899989,5.87579450312059,6.31699393567644
2.56899619225108,5,12,10.2934771330555,2.85581769398625,3.49251037075093,3.72586209970483,3.96139704268204,4.2499381764589
3.03211858807639,4,1,1.36858061312221,4.17168622467016,5.3582340974466,5.87900843878235,6.32842894692106,6.99636103410449
4.178689929973,3,2,3.43711140527039,3.85717633447945,4.92084486588287,5.35191176148068,5.77525344066617,6.26935377264646
2.57663632706754,8,18,7.74800234607251,2.88310226600087,3.48712483762076,3.69958230782478,3.89982347481102,4.12841230062218
2.57536785256006,9,15,7.20785923648706,2.93926704627202,3.57672800834128,3.83706876093379,4.0885325807369,4.35143169865785
3.04049933368979,5,13,11.168232637402,2.74799176722277,3.33917340928868,3.56082137292727,3.76315167046248,4.00791486192955
3.55183400341066,4,6,9.45975526672677,3.18399659811407,3.98867577035159,4.29698090575124,4.626811525224,5.07347947334255
2.07234960430571,12,17,9.88019349473297,2.36518197721007,2.85912069996379,3.04494031667703,3.22940618391117,3.4500860027281
5.02683430162532,7,9,3.44534193991614,4.08744596623059,5.07578847828305,5.44418903421161,5.86137933721229,6.3441167098024
2.96817748822615,7,16,9.09122830566968,2.7378940630131,3.31745838498742,3.52124964639493,3.7289711510819,3.96804879854875
2.36647162155148,7,18,11.5217767455548,2.47754328522544,2.95805830527726,3.15298875886369,3.31209904231207,3.53323095213942
6.75907112054635,7,4,1.97764957603908,4.53344955930161,5.80404710140249,6.2832497721761,6.71825426228686,7.42768678183459
3.6606270844009,4,7,5.5647520271682,3.59650171682586,4.46982256353221,4.80949386998268,5.13818319279287,5.49809354159645
3.48741575888117,5,5,5.76615834882288,3.47143517457532,4.38817252221578,4.74094881530515,5.07042895921648,5.49293535811223
3.90703726556936,2,9,11.3242547633867,3.19997270211376,3.95773482254279,4.24056550598653,4.47157287120036,4.76326284710838
3.8877490373237,5,13,6.25215644559955,3.38466696864326,4.14129046451207,4.39473181271322,4.64815604100766,4.96335902458286
2.32163213379297,10,14,7.80503190385141,2.78342729360714,3.41327954471857,3.64830246032372,3.88351662240811,4.1842363309816
3.5131997499428,3,3,4.0699472201481,3.85746580879694,4.90425319388176,5.28478186879405,5.68049675912794,6.15599954595559
3.42380749646515,7,12,6.03213403466412,3.3054148136376,4.07447819979677,4.3464249316129,4.62580051287091,4.99629488290574
2.82834774374674,8,16,9.89465562639927,2.59676090670086,3.14267647901631,3.34280630409465,3.52819966065707,3.78062761712533
2.07026932457518,3,8,11.3101649840901,3.15207206395399,3.89622134506223,4.17094044820459,4.44665633354156,4.79770611855786
3.15578724396964,5,4,2.76602517289181,4.20570605997649,5.34154007600049,5.74255625795184,6.15328363302288,6.63215742637166
2.20093600002624,12,13,6.85575412700615,2.88987023927275,3.5888893101068,3.85154468040811,4.05563724960882,4.39688832269765
2.72093113078219,7,8,5.93119141591464,3.25838454738858,4.05436984600624,4.36215866247694,4.66075288121932,5.07220858658805
2.61008022208268,5,16,9.91691062486931,2.80889329903405,3.39122979259038,3.59968514813355,3.81565881519307,4.07530733032699
2.25261041161717,7,16,9.74350164603293,2.70022408355834,3.27047473921015,3.48056276321224,3.68156925771143,3.95747128053476
2.47431403703259,6,15,8.64342624388171,2.913338083348,3.53938531364715,3.75701896127094,3.99039439979703,4.27664522009846
3.58724400285406,1,1,12.0244804390767,3.6598717502354,4.71002273633398,5.08420151282647,5.4640839208324,5.9766924052303
3.43087429206485,4,8,6.06267956157603,3.50799857203765,4.33984979411413,4.64992180529478,4.93521708120153,5.31911201742335
2.72163133917334,6,15,7.73808885218981,3.04692804055229,3.67677958089443,3.91372208452388,4.13598318771174,4.41577249348003
2.15864152431841,12,22,7.1019806787774,2.72731961165204,3.2764272224955,3.47241159911761,3.68691001992346,3.92242771559563
6.01400607750557,4,4,3.02078955856097,4.15112800947008,5.25419707922368,5.69131678959393,6.11822418512527,6.58621955071576
3.00996661191071,4,11,9.95600871029379,3.00987511419223,3.68269896312842,3.95666413089749,4.18072846978096,4.48740072778438
3.26616476995508,1,2,6.53502487698988,3.80096204778365,4.85399914968741,5.27072586507592,5.63763384296244,6.13915375221093
2.90385285279158,2,1,11.0227637167577,3.53330373078807,4.53857008200774,4.95882932971728,5.31535898394753,5.94042243414422
2.33483094127849,3,26,18.6023819905154,2.38851897664256,2.84766706344015,3.01585078432028,3.15213422356518,3.32554579045483
2.71526855556366,7,11,5.2554208945036,3.48506433332343,4.30549868450546,4.62441648343167,4.89576911473242,5.29147185711576
3.22658664340629,7,12,6.48601592443299,3.23253409730074,3.97177165874942,4.24765812198753,4.50936998374169,4.8205707869347
3.68600835307078,9,11,5.17358745626522,3.38013481334175,4.19880543882864,4.50787239230276,4.79291451050579,5.17730857732674
3.11054082892755,7,14,7.35315761605687,3.02527167774313,3.68912370835697,3.94269671161367,4.16692762548187,4.45663862238416
2.53140355388556,5,9,8.26185805425488,3.12628272898112,3.86424179399634,4.12836275203794,4.37555724631425,4.68668692847286
1.99189458306526,5,9,12.6156595492083,2.76566941200807,3.42546167611129,3.67182196601131,3.90025281526979,4.17002395101359
2.97281775757202,8,14,7.3286701882748,2.94813588941137,3.6019052020888,3.87222606965777,4.11815168911807,4.37119841285469
2.61231697373054,5,20,10.1930813789538,2.7536903922759,3.29793423511032,3.4909073994441,3.68266954836753,3.88161820438784
3.00711985163262,1,0,0,3.80300877283749,4.92771174977336,5.36005844441327,5.77829756134013,6.33107488398033
4.58650299805495,2,1,3.83495621452746,3.80957590920058,4.90443123992529,5.33200774701623,5.71287667732928,6.26391283444653
2.3048043793756,5,11,6.3115259387543,3.38605561182908,4.1606518438251,4.4571836774551,4.74149365429248,5.07867870788644
4.27605220547315,14,15,5.32812141255502,3.22261419782279,3.97698715743668,4.2600501781542,4.48794116108104,4.82163222110549
3.7212921837293,2,6,9.25130123232563,3.41688237293301,4.2760528157588,4.59632534224777,4.88952165190374,5.29691299002923
2.27897730081804,9,12,5.03862475411981,3.39677733867547,4.20488456357881,4.50273532547294,4.7773245878671,5.17307703370515
3.56285466475052,8,14,5.29029941886483,3.44359486093521,4.21309781829137,4.48983658524522,4.74913777463948,5.10183473940162
3.40040932728758,2,5,9.38116673948589,3.43910923775139,4.33463803730533,4.6750702379415,4.94657118335488,5.36084597397099
3.28450016756518,5,9,6.98098713143434,3.27654475760971,4.065095964514,4.35465869069018,4.63331450177891,4.97666993507359
4.32310948367176,6,8,5.81445769697473,3.33453293139717,4.13252273522061,4.44664847128802,4.72858547145135,5.08686823650629
3.29963682150138,4,7,6.56303354062136,3.44083837689115,4.28555497091872,4.59146177060857,4.92604824105212,5.27118103385406
2.50175662256807,5,14,13.8792462550294,2.6258789685724,3.18708546347049,3.37837364503124,3.54394321965329,3.82324636416512
2.95569074171268,12,9,3.8492778978705,3.64252816590183,4.58193374419222,4.95481399705,5.26633324051916,5.72062782232898
3.7556498256286,2,2,4.89393927201892,3.78187206436938,4.82042500440909,5.21864383023365,5.5976059838726,6.06766555368882
3.40889486679777,5,18,10.1454206130528,2.80067012569812,3.36577024356564,3.57540144366713,3.78223193441036,4.04618305254212
3.49082640608272,4,9,7.7503993924274,3.33454505370226,4.12208203928069,4.42019036235383,4.72845916730578,5.10557733406645
3.31797719863139,7,11,5.81766312207737,3.34448190419487,4.13487723181541,4.43760617646102,4.70833960173158,5.10630014593028
4.19765715452717,11,10,3.68207826988794,3.86182207454438,4.83169115299842,5.21295818987277,5.54854977719541,6.02181170962124
2.21129598624946,5,9,16.1137822849839,2.62534295257003,3.26208081616111,3.51729976921139,3.72410614408058,4.02424620183794
3.09728018358166,4,2,2.08070603124115,4.1961458068961,5.3631528652668,5.83381591977573,6.2941042462622,6.95493461390448
2.01213499920394,7,9,9.72890818220637,2.82122248684434,3.50925120873683,3.76959934672193,4.02397991673276,4.31710391921149
3.13728721937947,2,9,10.5322255555031,3.2595904647838,4.03474902954644,4.30977576108127,4.54714573466412,4.87846147894471
2.34851157853812,6,22,13.3794028974679,2.37404479613127,2.83464386979317,2.99740154674708,3.14557933806111,3.31797005079052
3.02175907201461,5,16,12.9062867674469,2.60190570435003,3.13936360431821,3.34888049766172,3.53430737344951,3.75269564027587
4.67836098840913,8,9,4.19258456437215,3.75304115201027,4.66786037525169,5.04967610623442,5.35755084368998,5.81815477749951
2.80370752158173,1,0,0,3.99687992485236,5.13827219453434,5.64039216876215,6.09368003083686,6.6561514608674
2.33651129441611,7,12,8.62255701619291,2.87690289661531,3.52342954744843,3.76962563727891,4.01376039372354,4.26499077363772
2.4953051400238,7,24,12.0237855700153,2.35057006174075,2.78527168048279,2.945092007725,3.07380337520166,3.26069463502488
3.0221078646646,2,6,8.19227938790592,3.50788090843565,4.3679597767135,4.70629728871344,5.03644100201609,5.44746195452718
5.06865383201658,1,3,7.01714282013998,3.74811505462368,4.76988587744731,5.14933969894588,5.50194815566893,5.96034879598512
2.65630864683513,7,15,9.18716331844752,2.78091118482418,3.39231679651721,3.61705916600697,3.83477083276017,4.13440368887321
3.41772576942253,4,9,6.48841910233858,3.45681941091063,4.27260666983215,4.58844118436384,4.89875611520609,5.25079516694014
3.69214244932248,4,13,10.0030632649794,2.97122131477064,3.63763612063817,3.88924904064258,4.10766767049366,4.37523189108624
2.7887525291965,9,16,7.88077079853149,2.80282277112834,3.39246380574076,3.6215832456837,3.81608860416808,4.08417258708274
2.79428633050909,3,9,12.5378773632032,2.98056233430998,3.68377906832505,3.94127020394495,4.17196904968177,4.44184935665091
3.02343004999806,2,5,8.22693316009547,3.5449217242827,4.43298095889383,4.76898830796011,5.10264094392682,5.49593514772313
2.41565681907029,8,25,9.55525916588685,2.5395350295689,3.01164347167083,3.18762268122585,3.34369858286629,3.53851984356591
1.94139549203007,8,23,10.0194419224926,2.49608387541279,2.96950378717925,3.13884089026963,3.30300011850862,3.50289952109578
3.76077897466711,2,1,3.94674657502161,3.77825458448843,4.86951124425957,5.31896156480743,5.69457043399767,6.114729117232
3.40953231422287,3,7,9.65572603621735,3.26118227829961,4.07006381454723,4.35117548049218,4.65820400692672,5.06215797954956
4.08378250426321,4,7,4.55148066842083,3.8591039185824,4.79275407997135,5.19065639186964,5.53429283987836,6.06812578890992
2.58279411795312,3,8,9.75884078564901,3.2246189150998,3.99659399336991,4.30435524280539,4.56971631207772,4.88472554460101
3.10640496455706,7,12,8.09505035550311,2.93156586232987,3.6112120498413,3.88280282503532,4.11211167730581,4.4035998225124
4.85432492052001,3,9,8.19604496607654,3.34458682856949,4.12829319664962,4.42497753818267,4.72031570461695,5.04862780385908
3.90814005873721,8,9,5.36517502229826,3.37366338967808,4.19691502308209,4.52130218297395,4.80557032316718,5.18644991215971
3.02204664086395,9,13,6.93491230496636,2.98623822662592,3.66668333054519,3.90207109548767,4.12034943458724,4.39346003497419
3.36226636900048,4,12,9.77192754657332,3.00758716993107,3.68858916052244,3.9333991872088,4.16696786898273,4.50772823623179
4.09294669319027,2,5,7.96197378677943,3.54683442854177,4.47511700701766,4.82796803604385,5.15089841262228,5.52348836593956
3.93629797787354,8,11,4.712510074124,3.5951341982031,4.44270303050302,4.78322050500231,5.09890952596558,5.56003320387496
3.3870402511562,4,6,5.25846028262068,3.66886267380674,4.60105610493361,4.97095801285856,5.28799934521286,5.70748160188813
3.15766160892143,3,5,9.6986384694579,3.28397189575241,4.14183073609049,4.47343375387537,4.77832329843889,5.14392613800482
4.05643279835525,8,7,3.83383528680626,3.76444230318018,4.73925034948432,5.10389242899938,5.47985427374176,5.89365563547178
2.94668232934122,7,7,3.47678159360311,3.98345308055434,4.99787990061879,5.38060146252267,5.80310664045854,6.25638708409842
4.49365948549559,3,8,8.83285962706052,3.30199600502636,4.09990101401817,4.37926336796303,4.69515653255746,5.07260902241932
3.919649825803,12,9,3.59820526242465,3.79841283432834,4.80525308231043,5.16514051570591,5.52096386228001,6.01867051908685
2.48290930891295,7,16,10.3716021029081,2.66419158473562,3.2261551172552,3.4369745069937,3.64020765510743,3.90379555445301
2.88888209150021,3,6,6.8082166400292,3.5458821561871,4.43735708117173,4.7607635488129,5.08309358563818,5.50999701994447
2.43581585170929,8,27,12.8014410528794,2.19097374780244,2.57378727500041,2.70879963817549,2.83549276894996,3.00471249203701
3.05163782656993,4,11,7.69168137373841,3.25559728707927,3.99575974373611,4.2738732124047,4.53723418465788,4.88340720752801
1.9621700160019,8,35,12.4153634901829,2.16900361960459,2.52725457059946,2.65577990447944,2.76302424563726,2.89847504781406
2.88175459433425,7,16,9.23622228176814,2.73255265773637,3.31161240778801,3.52282094399828,3.73002062869208,3.96914281625657
3.01783232998486,4,10,8.12931408244057,3.21463124733336,3.95475948039039,4.22399212944719,4.52582144575218,4.86495591250147
2.89687247697347,6,11,10.4452422417042,2.76604166745457,3.40039030382128,3.65514477036248,3.86251037450276,4.12972870315266
2.77165605689727,5,13,9.6508554159743,2.89656290814068,3.53442657584551,3.7519870379842,3.94732664281435,4.24553322641869
4.58588070370591,4,4,8.41615561811192,3.26920666497694,4.13872141498633,4.48237933781532,4.83366966396475,5.23698975390122
3.48401396987951,1,3,11.6363154280817,3.55007227470975,4.52289478162492,4.87366309589606,5.19612964632538,5.66468443555601
4.59416433414583,3,2,7.6935787023692,3.48508075506679,4.47573828468302,4.85907524278634,5.2269499949801,5.74823817882015
2.18671583114566,8,29,14.2040139721443,2.09276787127434,2.44756772609323,2.57813943895493,2.69652544694694,2.83031683638974
2.88390820877772,3,15,15.326261769696,2.70978180923147,3.29600677119738,3.50516897212093,3.7183398370661,3.97180644815603
3.65002877326425,7,13,5.74473857229528,3.35602699271346,4.12841259687734,4.39508875427687,4.63583542427513,5.01515749000899
2.40200118522757,7,16,13.6558353128761,2.35585014113504,2.85118314405191,3.03309904584219,3.2015810113806,3.39644257675086
2.99924020918769,5,12,8.24624745097732,3.08888706365124,3.78393224789796,4.04380383626701,4.2592544181651,4.55513400499494
4.77648892941715,4,6,5.2793204772362,3.68258645458282,4.60307214394757,4.95220470922417,5.33071138136385,5.78531591712929
2.37949185301179,3,14,13.5708135349237,2.81861544698993,3.43554850658015,3.65370712559778,3.83569460651204,4.12036962968221
3.5745373619877,5,3,2.72754054598901,4.07597137386693,5.19921381774046,5.65844366542217,6.06475948554448,6.56356239967596
1.87203619147227,8,30,10.7214089550539,2.35183868702868,2.75840512070642,2.89341476437242,3.0167257436578,3.16811369166721
3.04686999144111,4,4,3.02080266908265,4.16771005828632,5.28519860260917,5.72086166308396,6.1247871076762,6.58591325428883
2.99613156112932,7,12,6.43214195734736,3.19932643561844,3.92728125746871,4.22298915656175,4.47251997182285,4.77881692935109
2.65319347399473,8,14,7.45031146140908,2.96674692040091,3.62263703519758,3.87319075407516,4.10491212597386,4.4293666815005
2.54621439200745,6,15,8.7459530581825,2.90708058265507,3.5307409870118,3.75720928269589,3.94430224653188,4.20185069738997
3.51239950915267,4,2,4.7593603704697,3.58626011010889,4.62982264959776,5.0146852906331,5.40922333283989,5.87007740051644
3.28277919131741,0,0,0,-1,3.28277919131741,0,0,0
3.67847320955197,3,2,6.17552596530771,3.53992179193793,4.53897955976815,4.90345375209918,5.28936802590201,5.76742601573322
2.55684715364421,2,5,7.06713943206403,3.62854109972488,4.54294313994266,4.94703306279706,5.27682475900276,5.69280147906063
3.57279504600944,1,3,45.3655864616624,3.2332614100071,4.11424779544241,4.44298631394228,4.74639021463659,5.15257900614838
3.52760870036116,11,17,6.67202645088862,2.9023934125925,3.53037902150514,3.76774648617961,3.99408713589392,4.26094616551991
1.82555186862035,9,18,9.58981873131121,2.55688384941114,3.07728085493793,3.26396315608572,3.43764610282275,3.6712732166594
2.6943568941714,7,12,6.68801360123057,3.11600508933035,3.81494214342113,4.0470987883759,4.27170418897071,4.56061227255075
3.04294921766338,3,5,8.24328942189237,3.40376588882519,4.29504129219676,4.63604733518851,4.94094741474128,5.39958100952209
2.74893557009963,5,18,13.8525077170148,2.51591960595196,3.02410534410019,3.20794987422228,3.36875741307593,3.58973125184711
2.89463928248382,7,10,6.99164762195981,3.09692387983726,3.82586534389803,4.09196557173649,4.39864595634969,4.71824735895815
2.71696237256515,3,9,11.7077005809606,3.05374833519602,3.7768601874973,4.05998896068334,4.31470492116294,4.6634874904533
